9.396982071502686384e-01 5.092931358788490431e-02 9.372479261846431223e-03
4.917497694096066053e-03 2.599354628429525332e-03 9.924831476774743644e-01
4.422363812644689030e-01 5.109511987809831762e-02 5.066684988574327031e-01
1.669432715340620210e-01 1.200404720322943188e-02 8.210526812627084725e-01
4.829777093130535603e-01 5.142232368120386310e-01 2.799053874907780470e-03
9.934228371806651525e-01 2.689952098270278428e-03 3.887210721064439812e-03
5.451063434443091937e-01 4.066781625786827226e-01 4.821549397700804901e-02
2.007036148918366625e-01 1.134193179159494330e-01 6.858770671922139739e-01
9.469441743825440794e-01 6.263728906729626802e-03 4.679209671072612209e-02
2.661997661696438588e-02 4.042698705737692855e-01 5.691101528092663564e-01
9.643217043398258914e-01 2.919435650693520613e-04 3.538635209510476720e-02
3.802204673758761699e-01 6.166055496980756834e-01 3.173982926048249473e-03
2.541022332990365284e-01 7.409802781545707928e-01 4.917488546392731648e-03
5.680170855602788560e-01 4.044665217185675066e-01 2.751639272115375887e-02
6.134818174251596007e-03 9.921040990771590184e-01 1.761082748589463389e-03
9.998670964843375808e-01 1.290487170102937100e-04 3.854798652141503321e-06
1.743472274039486181e-01 6.661634395515444451e-01 1.594893330445068813e-01
3.480787920112929368e-03 9.438386169277703797e-01 5.268059515211651056e-02
7.576336156274545708e-01 5.457499721307999818e-02 1.877913871594654172e-01
6.678090457721415352e-02 4.832970955080348620e-05 9.331707657132349842e-01
3.422520560118356703e-01 6.337269785538330868e-01 2.402096543433119430e-02
9.148123782709116636e-01 8.375614093788828762e-02 1.431480791200096490e-03
2.983168355358282176e-01 5.237358316121839543e-04 7.011594286325596448e-01
3.451311061847285849e-03 9.856492725068628502e-01 1.089941643128990167e-02
9.739773306637369288e-01 2.071415954457755254e-02 5.308509791685582860e-03
3.696591509477011733e-02 1.890291836696582350e-01 7.740049012355717517e-01
9.713008227638644243e-01 2.068911171746913233e-02 8.010065518666469389e-03
7.084015301346408000e-02 9.003816910503059656e-01 2.877815593622979132e-02
1.976432400973224604e-02 8.755497997658995279e-01 1.046858762243681878e-01
2.059064356965517248e-03 9.957699893330531626e-01 2.170946309981229474e-03
1.497169281714735845e-01 8.233705387289580457e-01 2.691253309956826573e-02
8.673922919433673107e-01 6.636398708453269957e-02 6.624372097209987875e-02
1.137566125958217175e-03 4.386822162860119128e-04 9.984237516577557647e-01
1.201777088231295067e-02 2.706380614523421716e-03 9.852758485031637425e-01
1.650834977306398573e-04 9.992531358789886742e-01 5.817806232805623106e-04
2.127330124373792986e-01 1.227560523815765386e-01 6.645109351810440934e-01
9.651596433018405641e-01 1.415083892117215657e-02 2.068951777698741987e-02
2.060016672212933164e-01 1.485145347295061631e-03 7.925131874314116365e-01
2.132262358178663442e-01 2.656810533441373301e-01 5.210927108379963535e-01
9.815999842390977781e-01 1.390336684713211306e-02 4.496648913770095839e-03
4.086333438624570880e-01 3.999726911820651425e-03 5.873669292257222008e-01
6.112610212278322130e-01 3.770123694628664535e-02 3.510377418258812110e-01
2.981275188315304359e-01 3.359619749095118513e-01 3.659105062589576018e-01
1.046256492426815652e-03 9.988180203786977129e-01 1.357231288753170222e-04
6.469310555127273377e-01 2.968670380842356252e-02 3.233822406788490755e-01
5.184507063334308809e-03 7.294281142168617272e-04 9.940860648224487672e-01
7.825599643619763901e-01 2.073899271731204520e-03 2.153661363662925932e-01
9.183145485705324074e-02 7.508247155409798479e-01 1.573438296019668836e-01
1.299962146860153545e-01 3.759694084952388497e-03 8.662440912290322315e-01
1.208688475714734829e-03 9.987902555137367910e-01 1.056010548588764840e-06
2.360062121795255055e-02 9.754600576679109958e-01 9.393211141362645816e-04
2.649765079720143093e-02 9.722767900718408685e-01 1.225559130957630354e-03
1.351417143131852794e-02 1.239947546572100698e-02 9.740863531029604339e-01
5.383728071507207780e-01 1.647962030850735914e-04 4.614623966461942062e-01
1.775187711564848655e-02 3.771091921736603458e-01 6.051389307106912474e-01
9.819942168202632719e-04 9.990094502954317557e-01 8.555487748119730329e-06
5.699811099324403330e-02 9.315709876181600402e-01 1.143090138859581030e-02
3.200880856707585265e-01 3.717337998119023268e-02 6.427385343480513935e-01
9.108565670411306048e-01 1.454870183292511672e-02 7.459473112594434963e-02
4.067212964749230553e-01 8.180725272227151734e-02 5.114714508028053164e-01
2.126463763289966891e-01 3.674892412891495597e-01 4.198643823818536958e-01
2.903217578335671057e-03 9.970967784947489809e-01 3.926915249376511431e-09
1.164258911377260425e-01 1.738708716175961858e-02 8.661870217005143147e-01
5.394898175619575187e-02 3.980029625973717142e-04 9.456530152812068213e-01
3.542935993841017824e-03 9.964403436841983153e-01 1.672032196074413948e-05
3.767013847798256123e-03 2.735708462862422585e-02 9.688759015235774985e-01
1.209691065338317981e-02 1.277112425948965342e-04 9.877753781040218284e-01
3.812478676495952143e-04 9.972575829987656570e-01 2.361169133584635742e-03
8.187872759852188320e-01 2.908574968233265320e-02 1.521269743324485391e-01
5.682657602334472147e-01 5.996903260889430009e-06 4.317282428632918667e-01
4.768047427265872384e-01 1.513384243662300455e-01 3.718568329071827439e-01
3.001985924386232560e-02 4.791879981965667498e-04 9.695009527579410147e-01
6.112952165002251137e-01 3.663862088371329095e-01 2.231857466264210860e-02
4.482766017325103686e-02 9.551543303055766154e-01 1.800952117223887625e-05
9.390174686950317762e-01 8.434029957422447751e-04 6.013912830922610309e-02
5.776393910874347837e-01 2.878219860066829477e-02 3.935784103118968869e-01
3.120351042476500556e-03 9.914078987500084467e-05 9.967805081676484047e-01
2.014358170492339117e-01 7.087957608943107335e-01 8.976842205645539641e-02
1.106673817999227760e-02 1.117520394087433578e-03 9.878157414259202129e-01
5.051896473325703241e-01 4.933447117567704154e-01 1.465640910659289338e-03
2.846996514983109183e-03 6.413591757853400431e-04 9.965116443092315590e-01
7.478340248032257264e-04 9.988114881110429222e-01 4.406778641538264545e-04
1.149556480089013871e-02 9.883092478791042357e-01 1.951873200055937872e-04
2.447315083253878698e-01 1.092553689513340752e-03 7.541759379850988543e-01
2.694406799848448331e-01 2.235615163326403615e-02 7.082031683818911239e-01
4.658042587380560873e-01 2.610498539553792428e-03 5.315852427223900500e-01
8.684544844713207867e-01 1.275811137650179616e-01 3.964401763661241224e-03
3.852838818143675126e-01 4.872915748505164402e-01 1.274245433351160472e-01
2.059149069790179847e-03 9.979321172019498531e-01 8.733728260008691765e-06
9.116107057820630466e-01 8.765064476202802379e-02 7.386494559089675557e-04
3.723399308386959178e-02 8.817950624437796980e-01 8.097094447235057835e-02
2.067114848436785515e-02 9.726015285058723370e-01 6.727323009759717670e-03
1.746292409636872878e-01 6.650343295323905002e-01 1.603364295039221843e-01
4.228206421561041262e-03 9.508482569639056803e-03 9.862633110087998256e-01
7.502334792556297760e-01 3.627186039791080452e-02 2.134946603464595583e-01
7.909199063084658698e-01 2.002243496052893146e-01 8.855744086244793020e-03
7.138790702142380762e-02 7.131101427393339298e-01 2.155019502392423181e-01
7.768256114206446572e-01 1.049324427530455850e-01 1.182419458263097717e-01
8.518518474667863272e-03 9.093320840743364039e-03 9.823881606845887848e-01
8.209074858540552633e-01 9.110437557421195709e-02 8.798813857173286290e-02
4.155233162956576964e-01 5.799525160251693956e-01 4.524167679172905361e-03
5.211572307379733031e-03 9.839861526754474230e-01 1.080227501717295584e-02
3.513950065720920501e-01 1.621898868382624370e-01 4.864151065896456516e-01
2.386987591932842878e-01 7.580975787558299483e-01 3.203662050885808070e-03
9.806013771970338855e-01 2.157954440520477857e-03 1.724066836244550829e-02
9.057188080733116209e-01 9.276977317532007772e-02 1.511418751368441039e-03
4.062766066786022701e-01 4.950476700265499762e-03 5.887729166211322918e-01
6.067783893460353406e-01 2.254823986771515576e-01 1.677392119768130463e-01
2.014300539985280566e-02 6.778713392447277553e-01 3.019856553554194911e-01
9.964449689889683937e-01 2.553419737144750645e-04 3.299689037317128301e-03
5.088617876895203951e-01 2.859999281736115839e-01 2.051382841368680487e-01
4.709341308762549638e-01 6.194388719334391336e-02 4.671219819304011089e-01
7.666387574305946195e-01 1.707513050016377099e-01 6.260993756776767061e-02
2.557053286754421006e-01 1.231566907029390569e-02 7.319790022542639329e-01
1.581688950316967601e-01 6.467676173892809334e-03 8.353634287944103898e-01
2.381715800981215880e-01 7.517778347859136456e-01 1.005058511596468480e-02
5.776955464378623617e-01 2.051204051838269315e-02 4.017924130437549035e-01
8.784346707958851086e-01 1.123590745347332748e-01 9.206254669381569791e-03
1.304649463265284415e-01 5.809767646226872439e-05 8.694769559970093598e-01
9.534686995055964287e-01 4.522274496272941924e-02 1.308555531674160301e-03
4.558828103514012686e-01 3.795423391555573364e-04 5.437376473094431839e-01
8.732927306085319988e-03 9.908999601352712627e-01 3.671125586434788118e-04
1.132856109736433275e-02 2.533990690728607498e-01 7.352723698297748411e-01
5.984767330864387835e-01 4.381313714111424035e-02 3.577101297724469831e-01
3.324585436964209717e-01 3.189402997668465672e-03 6.643520533059105171e-01
8.974703833696336033e-04 8.906709364925845529e-01 1.084315931240457109e-01
3.523426035416140148e-03 1.147965797077643985e-01 8.816799942568195325e-01
9.998184669443839212e-01 1.561347810571985114e-04 2.539827455905469390e-05
6.939836437702381726e-03 3.572557945052546170e-04 9.927029077677922420e-01
4.501931110954203452e-02 6.018557021454780109e-01 3.531249867449799962e-01
8.350459285284099753e-01 2.050656861573799811e-02 1.444475028558520335e-01
1.772458740502828312e-01 8.225326378966558716e-01 2.214880530614018344e-04
7.910844664698822581e-02 3.908430228098475623e-01 5.300485305431641425e-01
2.640160686878071927e-01 7.191085551352517369e-01 1.687537617694109121e-02
1.168721124408596615e-02 3.546698123144791928e-04 9.879581189435995281e-01
2.072283237473243334e-01 1.181704246266921787e-03 7.915899720064086820e-01
2.758090998898366994e-02 9.649247097240540860e-01 7.494380286962328171e-03
9.994916078857102315e-01 4.497957469295917033e-04 5.859636736007558627e-05
9.867643612800544028e-01 1.219515419294787267e-02 1.040484526997850464e-03
1.061234250522008482e-01 8.880820644304108225e-01 5.794510517388140255e-03
2.498866874294417562e-01 3.576037512340649038e-01 3.925095613364933400e-01
1.306905882705714783e-01 7.740115197019065141e-01 9.529789202752204924e-02
3.532225715716829084e-01 5.978127802864834361e-01 4.896464814183378034e-02
5.217431554915846759e-01 6.325171242404776899e-03 4.719316732660105984e-01
1.498913992381379484e-02 1.483572630222584343e-01 8.366535970539278333e-01
9.937961059800737296e-01 3.461535644352747333e-03 2.742358375573634554e-03
7.065070907000007283e-01 2.664678944449301867e-01 2.702501485506907802e-02
9.996561732509180453e-01 3.363968490579781500e-04 7.429900023932736995e-06
1.775497340982563552e-02 9.736517586643382849e-01 8.593267925836020615e-03
7.686621300781090738e-02 2.070070639403840190e-05 9.231130862857950259e-01
4.910122663465959526e-03 5.087028321068217535e-02 9.442195941258517689e-01
9.894928554757563832e-01 1.044744181811090543e-02 5.970270613276099976e-05
3.270087734808985874e-02 9.657827727067634926e-01 1.516349945146632352e-03
6.864973955696196395e-02 3.300671140372964476e-04 9.310201933290007670e-01
7.332495412556155889e-01 2.129646175612705805e-01 5.378584118311392770e-02
9.865147863697952824e-01 1.343102970572866706e-02 5.418392447602329425e-05
1.964720628848078132e-02 4.643333891974074710e-04 9.798884603223219081e-01
9.594183158816311785e-01 2.889217600718363074e-02 1.168950811118511617e-02
7.555350592744633498e-02 9.172194807927525062e-01 7.227013279801294127e-03
9.950464166635611396e-02 7.507976897891290857e-01 1.496976685445148281e-01
9.927064381104947488e-01 3.483813417148575765e-03 3.809748472356818110e-03
9.458460633751850644e-01 2.587376117497182729e-02 2.828017544984299386e-02
4.626867665267720975e-01 5.634691649769217603e-02 4.809663169755358791e-01
2.134874806930529001e-01 1.756888526490637814e-01 6.108236666578832352e-01
9.588659228590192818e-01 3.242184130708006956e-02 8.712235833900665999e-03
9.648492650787414693e-01 3.467893156462260179e-02 4.718033566359560328e-04
2.061999803186625319e-02 1.442561035305691026e-02 9.649543916150767897e-01
9.982578262726430340e-01 1.098438469948477460e-03 6.437352574086149196e-04
8.852962086745416181e-01 1.061723603119990589e-01 8.531431013459244914e-03
5.164993018353044446e-03 1.236873626887942694e-03 9.935981333547589944e-01
9.041825091594396643e-04 6.260557397133538655e-04 9.984697617511271162e-01
8.797701864110905046e-01 8.692808273072699654e-02 3.330173085818264461e-02
6.483528456780013327e-02 5.235569665360970681e-01 4.116077488961027986e-01
9.518469126943389647e-01 3.136433120637664718e-02 1.678875609928428062e-02
2.925352755745502242e-01 6.066420867329613831e-01 1.008226376924884343e-01
9.518767774481391442e-01 1.461649352308232522e-02 3.350672902877846471e-02
6.290903362574233257e-03 9.932144281009344100e-01 4.946685364911907476e-04
3.597341078152674343e-02 8.545289420094965838e-01 1.094976472089766173e-01
2.990448269649034208e-01 1.726816370100384363e-04 7.007824913980865711e-01
6.381937473079537515e-01 1.863990261977447049e-01 1.754072264943015713e-01
1.986521424429078808e-02 7.051784586656369494e-03 9.730830011690528858e-01
1.779950927943036235e-02 9.821945723637125480e-01 5.918356857211033645e-06
5.391461274152866689e-01 1.028223636887839673e-02 4.505716362158349586e-01
6.861090804368144003e-01 2.531316388281721341e-01 6.075928073501347254e-02
1.364215825655642478e-01 8.627796273995629317e-01 7.987900348729367467e-04
3.634043497585585647e-01 2.152400154347299324e-03 6.344432500870942349e-01
8.852383004637623745e-03 1.547922815983334758e-05 9.911321377672025479e-01
8.740785053698572112e-04 9.976803257117237145e-01 1.445595782906421156e-03
6.520649441489796867e-03 8.275179620361210664e-04 9.926518325964741596e-01
3.255371315801040000e-01 7.139883625770115927e-02 6.030640321621947297e-01
3.815009538491369590e-01 2.513003565042627382e-02 5.933690105004367776e-01
9.377672233386401546e-01 2.116873951193803949e-02 4.106403714942174349e-02
6.102516113984511881e-01 3.732627242583918536e-01 1.648566434315703461e-02
9.465831084761110459e-01 9.466747335146172282e-03 4.395014418874262918e-02
1.737715581493262315e-02 8.962753857634535304e-02 8.929953056087220897e-01
5.675258167306226342e-01 2.033573078533043310e-01 2.291168754160730070e-01
1.772728494622998197e-01 8.850681030139877573e-03 8.138764695075603184e-01
9.896469323710122001e-01 3.286529529157769091e-04 1.002441467607210340e-02
9.921706261127362092e-01 6.802009176538907978e-03 1.027364710725063015e-03
9.486160005184050004e-01 4.671891122333334673e-02 4.665088258261573979e-03
1.193732555984473448e-01 8.502347662741938095e-01 3.039197812735875900e-02
8.366563637929443908e-01 1.759194094962789317e-03 1.615844421120928853e-01
2.977193348040565318e-02 6.185329394862388447e-02 9.083747725709704346e-01
2.240151531714321825e-02 9.628740285421083511e-01 1.472445614074854164e-02
2.985789389444897749e-03 9.940078228363768975e-01 3.006387774178249841e-03
4.580801613854715987e-03 8.465395671540419588e-05 9.953345444294299238e-01
3.471315161788757295e-03 9.963147023672672686e-01 2.139824709439663722e-04
4.721491440096989844e-01 5.014269353207336799e-01 2.642392066956730790e-02
3.379189494127303184e-01 6.467809229123578918e-01 1.530012767491182105e-02
2.961441415098396289e-04 9.997031649817507137e-01 6.908767392352495633e-07
8.537938527922867005e-01 3.125909175549927699e-02 1.149470554522141058e-01
8.088498387889061503e-01 1.757450621200917339e-03 1.893927105898929319e-01
1.672806508177705764e-01 3.706031064840936140e-01 4.621162426981357818e-01
9.987332787138472057e-01 4.721995620078064731e-04 7.945217241451632854e-04
9.603807780863355958e-01 3.085469133240930414e-03 3.653375278042357566e-02
3.187299489221509974e-04 9.996228758256153757e-01 5.839422546261749901e-05
1.798395697835699844e-02 3.928752253213986870e-04 9.816231677963216384e-01
4.414704947926273264e-03 9.876197789232282753e-01 7.965516128845381155e-03
2.633912043967182384e-02 7.628719115933038641e-02 8.973736884009978487e-01
7.206250051063992079e-02 1.652780403405634162e-03 9.262847190859543334e-01
4.840600662182760194e-01 1.236265250518789501e-02 5.035772812765361151e-01
1.485465259810929139e-01 1.215171274975422426e-02 8.393017612691529017e-01
1.979054065996558309e-01 7.000749854505149417e-01 1.020196079498290193e-01
1.083936927414679875e-02 2.902336383327758142e-03 9.862582943425254323e-01
9.967418396481262377e-01 2.929946956993826311e-03 3.282133948799488858e-04
7.508392298305727186e-02 3.976712805892766017e-03 9.209393642110499378e-01
2.844266240824273092e-03 2.362678911419122357e-04 9.969194658680339272e-01
5.293237257393926809e-01 3.362893018785476640e-01 1.343869723820596274e-01
4.446752113881949353e-02 2.540479598373845700e-04 9.552784309013430120e-01
8.429106003042852180e-02 7.309209621405470259e-01 1.847879778290244801e-01
8.455548825057230822e-01 1.173310334718022513e-01 3.711408402247456939e-02
9.334076832902459264e-01 2.168742436873471319e-02 4.490489234101933957e-02
7.148458285357576214e-01 4.611961587744473762e-02 2.390345555867976479e-01
7.095414328808155320e-05 9.994719272096279639e-01 4.571186470837927001e-04
7.342957032078046842e-01 2.427524748023663359e-01 2.295182198982899033e-02
8.624526916296439971e-01 1.030710443303204799e-01 3.447626404003539119e-02
1.414159874929537750e-02 8.564815067412507865e-01 1.293768945094538603e-01
3.643199179762215412e-01 6.229896497054100424e-01 1.269043231836844421e-02
9.425125256798131401e-01 1.721699169926751635e-02 4.027048262091912495e-02
4.841793724180026848e-01 6.973326510438566939e-02 4.460873624776116597e-01
9.005778886347581835e-01 8.684582102282373262e-02 1.257629034241812375e-02
9.401749978028904886e-01 4.396422872767477563e-02 1.586077346943474270e-02
2.560293181591677056e-02 6.008461607472125737e-02 9.143124521093618506e-01
2.802952322029892557e-02 2.856957029102106804e-01 6.862747738694903177e-01
4.580495620113436694e-03 6.260386031740071725e-05 9.953569005195691544e-01
2.783500220625584332e-01 6.904054607172472879e-01 3.124451722019421646e-02
3.923136171898943814e-01 4.971500880269931200e-01 1.105362947831123738e-01
2.302396142931470158e-01 4.034995245381250428e-01 3.662608611687279692e-01
6.816726910350185964e-01 1.689247118505473461e-02 3.014348377799266898e-01
3.988843817452471935e-02 3.177025020093531427e-03 9.569345368053817635e-01
8.078161399564640632e-01 1.916260314473017257e-01 5.578285962341942997e-04
9.977284125882613930e-01 9.787386465863721647e-04 1.292848765152219449e-03
5.489536142631139537e-01 4.254694847782401479e-01 2.557690095864591229e-02
4.425016545221142211e-02 3.357608233507325228e-03 9.523922263142812206e-01
6.347278137223917377e-04 9.992717282564815839e-01 9.354392979611086804e-05
9.361116457208165098e-01 8.495041789354996348e-03 5.539331248982854589e-02
7.452692677335479065e-04 9.596363572973656275e-01 3.961837343490080821e-02
9.042170383740417705e-01 1.225657120064338251e-03 9.455730450589389102e-02
7.826204056070656945e-01 9.484027983215943466e-03 2.078955664097183187e-01
1.492020308211379487e-02 4.034753241486053674e-03 9.810450436764001081e-01
5.104935771167929959e-01 4.639981719146690775e-01 2.550825096853791968e-02
8.646921595546425143e-01 4.001079726456453073e-02 9.529704318079286474e-02
2.772097594744903359e-01 6.962492758155766071e-01 2.654096470993308129e-02
7.720438797900385126e-03 1.757425581866902120e-01 8.165370030154094350e-01
9.908472288111421777e-01 3.263937837712548810e-03 5.888833351145416131e-03
9.703874564193663843e-02 8.979630084208600760e-01 4.998245937203190173e-03
6.575966042361426345e-01 1.691888486463397458e-03 3.407115072773940212e-01
9.789311480094696760e-01 2.092055808630479199e-02 1.482939042254929549e-04
3.075137464531686460e-01 2.371742877221787449e-01 4.553119658246526091e-01
2.805282582306903860e-01 7.151764149642806379e-01 4.295326805028974390e-03
4.490737009465679830e-02 9.519192002008858289e-01 3.173429704457361548e-03
7.071014273304694342e-01 1.132110558011765467e-01 1.796875168683539914e-01
1.687718902495551343e-01 1.192307045974671381e-02 8.193050392906980894e-01
4.301206743754090178e-01 2.652542962474846444e-02 5.433538959998425177e-01
1.171614650304009658e-01 8.521794647684856061e-01 3.065907020111351480e-02
3.651535247577434862e-01 5.998662246713891699e-01 3.498025057086735085e-02
1.455839078756864524e-01 3.194337137919985720e-02 8.224727207451136834e-01
5.721516161219822871e-01 3.501714054665370779e-01 7.767697841148064886e-02
5.153821174486668960e-02 7.907786722821301059e-03 9.405540015323120562e-01
5.203128430833442453e-01 4.739959167757701319e-01 5.691240140885678311e-03
1.069372592398219884e-01 8.705733271813150334e-03 8.843570074883648768e-01
1.930886180372754857e-03 9.810318898179766212e-01 1.703722400165051318e-02
5.330390670743183623e-01 4.120431026621670378e-01 5.491783026351464148e-02
1.784028132584747220e-03 9.973552039362229005e-01 8.607679311924703756e-04
9.572352984863472525e-01 9.988551112905415513e-04 4.176584640236220142e-02
9.741268676050212072e-01 2.042320978824009939e-02 5.449922606738754130e-03
5.910620873728546915e-02 3.380635575829601946e-02 9.070874355044185045e-01
3.125586921301735238e-02 5.527750446974483308e-05 9.686888532825128628e-01
7.125970237827135012e-01 4.779026416735328991e-03 2.826239498005513329e-01
8.463686403180347151e-01 1.501188652821429381e-01 3.512494399822304290e-03
2.418655307149850282e-03 9.966221156550368887e-01 9.592290378133514362e-04
3.878170941934177551e-01 5.345373942827342795e-01 7.764551152384797927e-02
9.765058472423350233e-01 1.236897809324525894e-04 2.337046297673243261e-02
3.512466089931238211e-01 5.695662012198378366e-03 6.430577289946778352e-01
8.334342294331583204e-03 9.896674467163344424e-01 1.998210989333974816e-03
1.032335754106377540e-01 2.228959147875769486e-01 6.738705098017852002e-01
4.136745481893321918e-01 5.854088558416769006e-01 9.165959689909383527e-04
9.623557729523256610e-01 2.925734761443034987e-02 8.386879433243862522e-03
9.535681365321576619e-01 3.840106043996928398e-02 8.030803027872998601e-03
1.017610343921240400e-04 9.988841447857915723e-01 1.014094179816402326e-03
6.122412895313172898e-01 3.648952026319728925e-01 2.286350783670991482e-02
9.735250417686749369e-01 5.464941561630913720e-03 2.101001666969410514e-02
2.048938339975344136e-01 5.408965562686970374e-01 2.542096097337685490e-01
2.697791152406151527e-01 7.279665242066687414e-01 2.254360552716147981e-03
3.552957217930564071e-01 3.025408493918682606e-01 3.421634288150754433e-01
4.341257355582483352e-02 9.337997217734368416e-01 2.278770467073832490e-02
6.933529078066136275e-02 3.919321940429747880e-03 9.267453872789088720e-01
2.694430564291429020e-01 6.595940039525606258e-01 7.096293961829649999e-02
2.567343370434867905e-02 4.001218961869002812e-03 9.703253473337823953e-01
5.010543425361217995e-01 6.735692150310936162e-03 4.922099653135672548e-01
8.850291094239645107e-01 1.134655294922446572e-01 1.505361083790978912e-03
9.158815759219329777e-01 5.630364956375877306e-02 2.781477451430828390e-02
9.014350093853920054e-01 8.509984150782530510e-02 1.346514910678262185e-02
9.951392674357122381e-01 3.528565173635055119e-03 1.332167390652525939e-03
8.494889304781858431e-04 9.989474614497944049e-01 2.030496197273012557e-04
9.854896042820728841e-01 3.663876635667102227e-03 1.084651908226012297e-02
8.469172780989210336e-01 1.516630014392812698e-01 1.419720461797727195e-03
1.634949454882861017e-02 9.440316027801492690e-03 9.742101894233700099e-01
4.897076431475902956e-03 5.864696965991705434e-04 9.945164538719248881e-01
1.773806109491673777e-01 9.919779352131098953e-05 8.225201912573113505e-01
3.273430103798485868e-02 1.823831296431860979e-04 9.670833158323719481e-01
2.793949198851268800e-01 2.824900632667111666e-01 4.381150168481619533e-01
9.368945656545749623e-01 5.918502693550248966e-02 3.920407409922550650e-03
3.237734753119205638e-02 4.046280957754356915e-03 9.635763715110535754e-01
3.628436108220913225e-01 6.697430959305863789e-04 6.364866460819780247e-01
8.887349267564945698e-01 7.956712608009114396e-02 3.169794716341421681e-02
9.852947181756397388e-01 4.575628694878625981e-03 1.012965312948181651e-02
3.721835820198545752e-01 2.641604648998323035e-01 3.636559530803132323e-01
2.609558678811937926e-01 7.373343470488686879e-01 1.709785069937404083e-03
3.427387198251384270e-01 5.028619260628779397e-01 1.543993541119836610e-01
2.616978311960844739e-01 4.733869285803745108e-01 2.649152402235410708e-01
7.674860141782091638e-01 2.315903020224200914e-01 9.236837993707088532e-04
1.131199647989258004e-02 9.809196133857708277e-01 7.768390134336525428e-03
1.133760691626866934e-01 8.521000738492529036e-01 3.452385698806038211e-02
2.376800314891787109e-04 2.078407557365090331e-06 9.997602415609534443e-01
2.521021091849068307e-01 2.880972848371038657e-03 7.450169179667220920e-01
1.407464323854566157e-01 5.052946554483182806e-02 8.087241020697115701e-01
4.017538694773483722e-03 9.863797495305327567e-01 9.602711774693788171e-03
7.091289289409030694e-01 2.808117453881561754e-01 1.005932567094081423e-02
7.507999185466103509e-02 3.935249896768566041e-02 8.855675091776533669e-01
3.594037080331039663e-02 2.385111858888818771e-04 9.638211180108006149e-01
9.880021244060105401e-01 1.187674798870191895e-02 1.211276052876092944e-04
9.967901915970227567e-01 3.201618460709537185e-03 8.189942267525053958e-06
2.180222119760600805e-02 1.383087512056221761e-02 9.643669036818318663e-01
2.364637191429772370e-03 3.367715264972235851e-03 9.942676475435980876e-01
6.568185829692880784e-01 3.353830086790063891e-01 7.798408351705372887e-03
7.516025467025791995e-01 1.506962170006391211e-01 9.770123629678158228e-02
9.944284900406560324e-01 5.212638972541231049e-04 5.050246062089719205e-03
2.815562246370021358e-03 6.423601583848681778e-04 9.965420775952450461e-01
2.600923094107505107e-01 3.284240710763842996e-02 7.070652834816111287e-01
3.427250847455154837e-03 2.533906317045552803e-01 7.431821174479895653e-01
6.767180897932631445e-02 6.731543220173618058e-01 2.591738690033119075e-01
3.285077666575603162e-04 9.982465553828346883e-01 1.424936850507670279e-03
7.187971664052646452e-04 2.048278827161346797e-05 9.992607200453231808e-01
1.530269852009926157e-01 8.341280264263692956e-01 1.284498837263810603e-02
7.132889954836207913e-01 2.706629647965282937e-01 1.604803971985089769e-02
1.062668978793131630e-01 3.910199125874177888e-03 8.898229029948125923e-01
5.205604964102164382e-03 9.930592046973560905e-01 1.735190338541664707e-03
6.170560221465987150e-01 1.171429621313801323e-02 3.712296816402633759e-01
4.284949362609635076e-02 9.321671382019917074e-01 2.498336817191179615e-02
6.603165791613708861e-03 2.770856043748830399e-06 9.933940633523425934e-01
6.778053573106403162e-02 8.846596467393954555e-01 4.755981752954070718e-02
4.080405978656844596e-02 2.694248888378675613e-02 9.322534513296448777e-01
8.806576172457434293e-01 3.205139314979415371e-02 8.729098960446263211e-02
9.667828029961577085e-01 2.670595656187812680e-02 6.511240441964164655e-03
6.895124484720513980e-01 2.557100707594745989e-02 2.849165444520012080e-01
1.654927265455668484e-01 2.186022655097043244e-02 8.126470469034627886e-01
8.255503982469040991e-03 9.874594607634499255e-01 4.285035254081000569e-03
1.884131717330228828e-01 1.767924452553536752e-01 6.347943830116234976e-01
1.172943192830848240e-02 6.680805737603481842e-02 9.214625106956567668e-01
2.859325649574845536e-03 4.815565171698133091e-03 9.923251091787269607e-01
9.841568704856380467e-01 1.342839354241529698e-02 2.414735971946740424e-03
1.793590917792104930e-02 6.105234006321593604e-04 9.814535674214468486e-01
8.332291712603261402e-01 1.663128336526640272e-01 4.579950870097638637e-04
2.953099456954794144e-01 7.659939735535777061e-02 6.280906569491628844e-01
9.361587247333942319e-01 5.708044405744543831e-02 6.760831209160297721e-03
9.973385461321017109e-01 1.227636905037296890e-03 1.433816962861006504e-03
2.789298104126560762e-01 1.280804131982586636e-01 5.929897763890852325e-01
1.075192931202081578e-02 9.889876203833284363e-01 2.604503046507179167e-04
4.011990994409855155e-02 9.183161789734415326e-01 4.156391108246007549e-02
8.632933817715211511e-01 1.360834379864602761e-01 6.231802420184849849e-04
9.996351799822938977e-01 3.470162811188853987e-04 1.780373658712984438e-05
2.585854471048043297e-04 9.997372830427563306e-01 4.131510138652675619e-06
6.738436845091579919e-01 1.544588349761301556e-02 3.107104319932290082e-01
7.215257135692117630e-05 9.999238465957522859e-01 4.000832890823339286e-06
6.578365190165527936e-04 1.103399509997977556e-05 9.993311294858834293e-01
9.912923027572440038e-01 5.865828385737358302e-04 8.121114404182373792e-03
1.228286750700458979e-01 4.415515975262455234e-02 8.330161651773294595e-01
6.876250874535669855e-01 8.429028414861317042e-02 2.280846283978198163e-01
9.612581674208101057e-03 2.817302895512496016e-03 9.875701154302793938e-01
1.497139074571270378e-01 1.123226012837380853e-03 8.491628665300355872e-01
5.925418175757462408e-03 9.898026871877528832e-01 4.271894636489856519e-03
5.502497691840444460e-01 4.150490497963870706e-01 3.470118101956838619e-02
4.578157072139123576e-04 1.306283389796147571e-05 9.995291214588881701e-01
4.643562213946928474e-01 6.130637496891745176e-03 5.295131411084154083e-01
1.666830708438457804e-04 1.260937356497171258e-01 8.737395812794389593e-01
2.755076668584976411e-03 9.890683366344814598e-01 8.176586696933624970e-03
5.080897635942387310e-03 8.051867454399760371e-01 1.897323569240815522e-01
9.275948818718762201e-01 1.003362051876844838e-02 6.237149760935532111e-02
9.751495773741507556e-01 2.456989495019281863e-02 2.805276756564486834e-04
3.204012668403126707e-01 6.777476922599873221e-01 1.851040899700114950e-03
9.300875705037301433e-01 6.951353865391805831e-02 3.988908423519096306e-04
9.960425647376325298e-01 3.529749653999529873e-03 4.276856083681677685e-04
3.861674654718501038e-03 7.688345935789726165e-03 9.884499794094917524e-01
8.851017723246897839e-01 1.642482151821027941e-02 9.847340615710001299e-02
1.064635799328250698e-01 8.877426844088017743e-01 5.793735658373197484e-03
2.303651626253563345e-01 3.537318404287302931e-01 4.159029969459133724e-01
7.878040765588588401e-03 7.475851985594017144e-04 9.913743740358520462e-01
9.546171604911697361e-01 4.943325157053393010e-03 4.043951435177683962e-02
4.862247574755136637e-02 5.901977953800901372e-02 8.923577447144396269e-01
1.072504893283644269e-02 9.889788370444126953e-01 2.961140227509663036e-04
2.563968134622275352e-01 1.593021306589689212e-01 5.843010558788034325e-01
7.218456182711219249e-02 9.267605131361721371e-01 1.054925036715540941e-03
6.928515287708448822e-01 3.888944812500346598e-03 3.032595264166548787e-01
1.921837766884072207e-01 7.849084683518374739e-01 2.290775495975522213e-02
2.491917671501984455e-01 7.371835621064003587e-04 7.500710492876951907e-01
7.564169507266262915e-01 6.086531067467707695e-03 2.374965182059060598e-01
7.611643678816256697e-01 1.990143897077625290e-01 3.982124241061162778e-02
1.931651404177980036e-01 1.568609491467363171e-01 6.499739104354657071e-01
1.071649201024509361e-03 9.976041025146780150e-01 1.324248284297512056e-03
4.210295085478139854e-02 6.045317719884981409e-04 9.572925173732300674e-01
2.153582617285539763e-02 1.416703122601205116e-02 9.642971426011325287e-01
6.070802480905476139e-01 1.892154961186640321e-03 3.910275969482657210e-01
2.150284692202698508e-03 9.974434619190202245e-01 4.062533887771054269e-04
9.315997192570266150e-02 8.864923664361865630e-01 2.034766163811074433e-02
1.822521098310272373e-03 9.596103402298724605e-01 3.856713867181732480e-02
1.121737066055132279e-02 9.843547944651858117e-01 4.427834874262880256e-03
9.871555924140020810e-01 6.014662438071066014e-04 1.224294134219093035e-02
5.281323339874135492e-01 4.664718703114678067e-01 5.395795701118625935e-03
2.175880744992078272e-03 9.508766545863839292e-01 4.694746466862416423e-02
4.312076347045556424e-01 2.555529112173346440e-02 5.432370741737109210e-01
6.895807790484443922e-01 2.976962140554971215e-01 1.272300689605843950e-02
9.989844410309429712e-01 9.862480796789022640e-04 2.931088937834434963e-05
2.874209503186177517e-01 7.107730274207156862e-01 1.806022260666532639e-03
5.901337604990075647e-01 2.315400547845247736e-02 3.867122340225399579e-01
9.938233113651977479e-01 6.147243744280205327e-03 2.944489052206273894e-05
8.914954725857151541e-01 9.563751946901027923e-02 1.286700794527453201e-02
8.042504188522980879e-01 1.927481761106087099e-01 3.001405037093193492e-03
3.948133259833926378e-01 6.051689911172906111e-01 1.768289931682017542e-05
8.929831007102604357e-01 1.717915375261085467e-02 8.983774553712868538e-02
7.541343745176518065e-02 2.566616129197009655e-01 6.679249496285337706e-01
8.712655397648559896e-01 1.249415190526473041e-01 3.792941182496773964e-03
1.407914997500162718e-02 9.851065545520203415e-01 8.142954729781259936e-04
9.615802218960450842e-02 9.035613958514656652e-01 2.805819589297779931e-04
8.912024667845831472e-01 1.029032606898773461e-01 5.894272525539527574e-03
1.840971363099828950e-01 8.141542094979526967e-01 1.748654192064504368e-03
4.545981364831549326e-02 2.751337406071530209e-04 9.542650526110773024e-01
5.636969509885743357e-02 5.487832138567438553e-03 9.381424727625751192e-01
4.967245462187672156e-01 1.677087444653814138e-02 4.865045793346945979e-01
9.324786157293881717e-01 2.247856097449101032e-02 4.504282329612079722e-02
2.235734132810935082e-01 7.746909012334038946e-01 1.735685485502569186e-03
9.780688053455052211e-01 7.438464022073534507e-03 1.449273063242122010e-02
9.950864171994220353e-01 3.063263082535196006e-04 4.607256492324532382e-03
3.074798965541568037e-04 9.996130198207738848e-01 7.950028267194980648e-05
3.000293528080820449e-02 9.699148474630621131e-01 8.221725612973438107e-05
3.187725766805516846e-03 1.829299715538748638e-04 9.966293442616407372e-01
1.150240347814211056e-02 9.609122561009967312e-01 2.758534042086132829e-02
3.929305649334457473e-01 9.501436136250257861e-03 5.975679989303041006e-01
8.944823016408774974e-01 3.078633205312156576e-02 7.473136630600095420e-02
8.172863305962033698e-01 1.417972674158001212e-01 4.091640198799652295e-02
4.861795332048398643e-01 3.352758805172593726e-01 1.785445862779008741e-01
2.057431300370567706e-01 1.427050124059635848e-02 7.799863687223468345e-01
8.265224295606649063e-01 9.136180476790093340e-04 1.725639523916562001e-01
9.818463665544798769e-01 6.578129390994428725e-04 1.749582050642067149e-02
7.125293020893228579e-01 2.870018697271965458e-01 4.688281834806336452e-04
8.587300376210087460e-01 1.233164522868483576e-01 1.795351009214277149e-02
8.840573530175509509e-01 7.331358953877409844e-03 1.086112880285717008e-01
1.984976568477958281e-01 8.001837586213540465e-01 1.318584530850213212e-03
4.372870476813821017e-01 6.842898601859352670e-02 4.942839663000244133e-01
5.217812075991477005e-01 8.408738019259087704e-02 3.941314122082614224e-01
2.883889686616810111e-01 9.915079215820371550e-02 6.124602391801153844e-01
1.666265253191893114e-01 5.616873302879762248e-02 7.772047416520130314e-01
3.503431771385188964e-02 1.922267975393011641e-01 7.727388847468469324e-01
9.992931290285993473e-01 1.625120336567876622e-04 5.443589377438528328e-04
6.335994321393746409e-01 2.822725827546180843e-01 8.412798510600728863e-02
4.054394198509911340e-01 6.447846716996936782e-03 5.881127334320119804e-01
5.097680504445450955e-02 3.029393792589722711e-04 9.487202555762864753e-01
5.543928976378101892e-01 4.400912557357810062e-01 5.515846626408895705e-03
1.061693309584426925e-01 7.483789802239356748e-01 1.454516888176217437e-01
8.728816917909570320e-04 9.962224210358453513e-01 2.904697272363498863e-03
9.745608504245619752e-01 5.107989657314830883e-04 2.492835060970647124e-02
7.784102123846212791e-04 1.230578708065858734e-03 9.979910110795494615e-01
9.762330314123147668e-01 8.456263991431360344e-05 2.368240594777096600e-02
1.018287134029349644e-01 8.981666677902652163e-01 4.618806799892948413e-06
9.971025530747056331e-01 2.338165581270568692e-03 5.592813440237538345e-04
6.435053229944064090e-02 9.336703010963750549e-01 1.979166604184304235e-03
1.215059327123736294e-01 8.704183549206752010e-03 8.697898837384197002e-01
2.185437101184219133e-02 2.727108978149166488e-02 9.508745392066662028e-01
2.899123657529515952e-01 4.648455202629520489e-04 7.096227887267855250e-01
3.972620588696904598e-01 5.603735310464026398e-01 4.236441008390694207e-02
4.828429239688966090e-01 4.869165689560944754e-03 5.122879103415424185e-01
8.639908276166380352e-01 1.088415638960994053e-01 2.716760848726246583e-02
1.286969343229636990e-03 9.986679401683872248e-01 4.509048838318507966e-05
1.174903182573682663e-03 1.856896867604298021e-02 9.802561281413832983e-01
3.140814766472081465e-01 6.480068201829165542e-01 3.791170316987511890e-02
6.496975298300372570e-01 3.035768876827480561e-02 3.199447814016879166e-01
8.202748218324765975e-04 9.991405313843738645e-01 3.919379379352771055e-05
8.650691559675632858e-01 3.879522198074852033e-04 1.345428918126291284e-01
1.133665404057417753e-02 5.423428476250472530e-01 4.463204983343785903e-01
1.205707748478510172e-01 8.152601199268716403e-01 6.416910522527732863e-02
1.649121952695286053e-01 7.621031478816718829e-01 7.298465684879962279e-02
9.565807464957429840e-01 1.190720838460017014e-02 3.151204511965677996e-02
9.924308065945383062e-01 4.274381413008147487e-03 3.294811992453636120e-03
1.102093021699189317e-02 2.187731097342313358e-01 7.702059600487767277e-01
7.330651646312032199e-02 8.252804621081087921e-01 1.014130214287707887e-01
1.375822974083301719e-03 1.572529628629229529e-06 9.986226044962881465e-01
1.982386627216517760e-01 3.466862598719420638e-03 7.982944746796287738e-01
2.432731318301187828e-01 5.299529523416105642e-02 7.037315729357200844e-01
9.744364546246560010e-01 6.308126854111330978e-03 1.925541852123258124e-02
7.985571817967320948e-03 1.807636287313949819e-01 8.112507994506376052e-01
1.124544832263004723e-01 6.405613693307058570e-03 8.811399030803925836e-01
8.811141991878999047e-01 1.093576861685487539e-01 9.528114643551325799e-03
3.174116989016202706e-02 9.490818602502393286e-01 1.917696985959858880e-02
7.515919275726482551e-01 2.276073815605601236e-01 2.080069086679152759e-02
8.750994189034928539e-01 5.968820453633210538e-02 6.521237656017497830e-02
9.679091360395120081e-01 2.969826044937518006e-02 2.392603511112767652e-03
4.010247650624136351e-01 3.386973147659695371e-01 2.602779201716167723e-01
5.293232446139278791e-01 1.222012342953298150e-02 4.584566319565391290e-01
7.476405483136413892e-04 9.992137480708952468e-01 3.861138079093478148e-05
2.980799660084964067e-02 2.282744788375365170e-03 9.679092586107749252e-01
8.670341741751383946e-01 2.665845692334009587e-02 1.063073689015213708e-01
5.980029323846073469e-02 2.462542934135675543e-01 6.939454133479717735e-01
3.080738816390348085e-03 1.562586651944647713e-03 9.953566745316650977e-01
9.963305838659964886e-01 7.021996737131302362e-04 2.967216460290406869e-03
4.384589086993544854e-02 4.240466864429452698e-02 9.137494404857700037e-01
4.051633147499711374e-02 9.009765032497434323e-01 5.850716527525948868e-02
1.283388270935231223e-01 7.227203751218875816e-01 1.489407977845891851e-01
8.474220129232332699e-01 4.629302475519155718e-02 1.062849623215750272e-01
7.563937728633013044e-04 9.980029591050194604e-01 1.240647122117277332e-03
1.173437863966778072e-01 8.723042972273455931e-01 1.035191637597661016e-02
9.940177906194166413e-01 9.822425730551251951e-04 4.999966807528267998e-03
9.958658028755684732e-01 1.299290376450857611e-04 4.004268086786439210e-03
1.139564906236292390e-04 9.998193210257037000e-01 6.672248367259378651e-05
