4.377582198068691866e-01 5.045011933548303462e-01 5.774058683830034927e-02
6.007782993240814995e-02 7.186459673081284361e-02 8.680575733367791313e-01
7.512720209585106446e-01 7.157124785671023504e-02 1.771567311847791759e-01
6.862424272781790791e-01 8.027674025299841309e-02 2.334808324688224523e-01
4.248282027904212721e-01 5.106419938684629845e-01 6.452980334111570182e-02
9.579135039597326262e-01 2.789204552921202215e-02 1.419445051105529092e-02
2.253447974382450092e-01 7.024614114818822364e-01 7.219379107987271282e-02
1.654796533926558566e-01 3.665199149830695169e-01 4.680004316242745710e-01
9.035906932460682217e-01 3.695953339567643187e-02 5.944977335825539499e-02
2.540226329321321752e-01 5.237778552804630561e-01 2.221995117874048520e-01
8.620860998073073267e-01 4.994413519014763436e-02 8.796976500254499731e-02
6.974352965182785136e-01 2.895095122969383317e-01 1.305519118478322763e-02
2.250501959834262933e-01 7.008684657061522438e-01 7.408133831042162942e-02
7.361761873081943408e-01 1.912636428505891939e-01 7.256016984121635427e-02
8.333433753944420597e-02 8.900204613781910190e-01 2.664520108236469523e-02
9.750307600630724325e-01 3.065818605440385862e-03 2.190342133148716341e-02
2.393467921522291209e-01 2.111226092192823311e-01 5.495305986284886313e-01
1.083908682019716768e-01 7.511872980381891773e-01 1.404218337598392707e-01
7.748655491947000762e-01 1.093528481606875630e-01 1.157816026446122498e-01
9.742023065806951210e-02 2.589727740126594561e-03 8.999900416018038474e-01
4.422627636686128905e-01 4.982174651041824665e-01 5.951977122720453206e-02
5.186845564093376382e-01 4.435247464022792352e-01 3.779069718838303643e-02
5.368880229407585469e-01 1.803058296464209176e-02 4.450813940945994029e-01
5.907371564182527235e-02 8.993756040484688352e-01 4.155068030970580223e-02
8.845023999232345391e-01 7.529622117155859717e-02 4.020137890520683599e-02
1.626849321064414156e-01 1.420541078523641643e-01 6.952609600411943092e-01
7.846018104865365439e-01 7.884595779954846340e-02 1.365522317139149511e-01
6.677303763585245022e-01 1.613517022080230290e-01 1.709179214334524133e-01
9.349796195139979671e-02 5.859266885438016992e-01 3.205753495047986013e-01
6.168849326056916049e-02 8.775492096285392174e-01 6.076229711089158741e-02
1.093982186776732562e-01 5.367267883577668819e-01 3.538749929645598757e-01
5.920606787117490555e-01 1.787458150045089511e-01 2.291935062837420767e-01
9.435493902383688958e-02 2.575352067544205148e-02 8.798915403007210312e-01
3.360116039407747279e-01 7.157248465838657314e-02 5.924159114008387128e-01
1.700378058793110270e-02 9.487292515523878533e-01 3.426696785968110642e-02
1.740941423736157290e-01 7.162514658978089144e-02 7.542807110366033241e-01
8.316981143017132538e-01 2.563610729885571968e-02 1.426657783994311202e-01
4.595709667924411934e-01 3.375296910424098462e-02 5.066760641033177803e-01
7.632443006304395761e-02 4.803980881178213647e-01 4.432774818191345112e-01
9.068116529039651486e-01 5.197968455780640346e-02 4.120866253822840636e-02
3.003328726725526185e-02 2.335250502097309562e-03 9.676314622306474433e-01
7.340995170319541963e-01 3.008428484623315233e-02 2.358161981218127035e-01
1.564436699353161098e-01 4.542918902670920467e-01 3.892644397975917880e-01
1.064805018149133330e-02 9.826165497113384939e-01 6.735400107170032291e-03
4.777874325036693404e-01 5.172314269987334651e-02 4.704894247964573339e-01
4.075297317215353238e-02 9.101811031666027021e-03 9.501452157961804978e-01
3.746312088138605279e-01 4.702668443577225077e-02 5.783421067503672353e-01
1.960121332852947096e-01 4.753873988217991453e-01 3.286004678929060896e-01
1.375188998293039866e-01 1.160011726358895628e-01 7.464799275348064089e-01
8.881663039449955166e-03 9.895719971852550145e-01 1.546339775295042665e-03
2.717270388004252579e-01 7.194773111477368310e-01 8.795650051837881553e-03
3.946297639010931113e-01 5.859407135570486869e-01 1.942952254185826427e-02
1.067649882258771832e-01 1.305603585722171500e-01 7.626746532019055280e-01
5.367844973868013403e-01 4.022832988611704276e-03 4.591926696245869355e-01
4.968597792162152138e-02 4.003985723793384022e-01 5.499154496990400487e-01
2.322339714828878729e-02 9.704126496526479517e-01 6.363953199063211545e-03
2.099492678501306553e-01 7.495560495579711713e-01 4.049468259189819425e-02
2.352273859321897254e-01 8.056990463790474066e-02 6.842027094299054646e-01
9.192761037296937054e-01 2.933181601021216806e-02 5.139208026009427221e-02
3.407365101440718025e-01 1.903217061594386084e-01 4.689417836964895892e-01
3.988700817328886261e-01 1.937295525322974832e-01 4.074003657348138630e-01
2.855006621249663382e-02 9.706657619757393940e-01 7.841718117640245544e-04
4.215533399863873876e-01 5.292679509589475612e-02 5.255198649177178494e-01
1.410898628616631852e-02 6.069483418419981471e-03 9.798215302954136341e-01
3.574116563027475435e-02 9.629903738282354908e-01 1.268460541489751592e-03
3.052366346435387082e-02 2.139684623528984031e-02 9.480794903003563201e-01
4.316627475937256930e-01 7.117776756119820192e-02 4.971594848450761051e-01
1.556282669580251986e-02 9.794764459776642562e-01 4.960727326533414736e-03
8.267771381273457676e-01 3.384312392836354849e-02 1.393797379442905937e-01
1.088589600586369888e-01 1.990553212139864209e-03 8.891504867292231440e-01
2.299792542726704359e-01 4.074891315105693690e-01 3.625316142167601674e-01
4.317945787072716146e-02 8.059762549526103270e-03 9.487607795797468047e-01
6.917121049166484736e-01 2.258013558956146472e-01 8.248653918773689309e-02
1.886446130304836044e-01 8.070472751817966417e-01 4.308111787719765169e-03
8.994760464355868734e-01 5.080942577596296930e-03 9.544301098681680362e-02
3.599464863050554908e-01 9.711226207163076163e-02 5.429412516233137476e-01
3.045218735640737445e-02 8.981208047422533855e-03 9.605666045961701593e-01
2.069531955257594980e-01 2.665507686730985148e-01 5.264960358011420150e-01
1.032812783394975453e-01 3.728957812592682136e-02 8.594291435345755570e-01
6.363033643341231560e-01 3.340061871737620147e-01 2.969044849211484316e-02
3.419366948400667100e-02 2.820642303240738363e-02 9.375999074835859037e-01
6.976509790523922026e-03 9.909439638989850918e-01 2.079526310490953205e-03
3.303721809927703118e-02 9.630774199449556594e-01 3.885361955767331101e-03
6.412829805848225817e-01 2.931517998262542571e-02 3.294018394325519683e-01
4.694538954402428521e-01 2.400143887268900433e-02 5.065446656870681297e-01
3.885425532743946309e-01 1.973216571108453166e-01 4.141357896147599416e-01
9.130005534813405710e-01 7.794553116676720961e-02 9.053915351892139612e-03
5.979739073959501328e-01 9.581873854988214034e-02 3.062073540541677685e-01
7.033406453153363651e-03 9.912948385371223026e-01 1.671755009724339418e-03
7.772388199559997490e-01 1.887632969632135616e-01 3.399788308078672411e-02
6.497432279896296625e-02 8.335857074360529806e-01 1.014399697649841919e-01
3.689274143779586179e-02 9.206788909750793781e-01 4.242836758712485029e-02
6.024222931570467204e-02 8.044930526716960184e-01 1.352647180125991777e-01
1.753388972322829711e-02 4.605756992120350890e-02 9.364085403555681975e-01
4.636113670225646133e-01 1.017893580172385126e-01 4.345992749601967908e-01
6.447851707165204171e-01 2.655039920721039559e-01 8.971083721137550204e-02
2.964857312013350343e-01 3.823669606015719369e-01 3.211473081970930843e-01
6.484212230270645083e-01 7.356981473824968087e-02 2.780089622346857969e-01
1.336945528190955357e-01 3.372382221642691857e-02 8.325816249644774070e-01
8.115859410464209001e-01 2.645311525442240255e-02 1.619609436991566731e-01
6.656995799692027038e-01 2.915966317477590164e-01 4.270378828303830060e-02
1.268968757685081938e-01 6.154595103039122161e-01 2.576436139275795623e-01
2.817479987906124639e-01 8.317719068644699454e-02 6.350748105229404583e-01
6.732359464199730859e-01 3.006377360902670048e-01 2.612631748975989543e-02
6.718671145681089918e-01 5.038888174695461963e-02 2.777440036849363469e-01
4.652750941884762348e-01 4.796976143716586982e-01 5.502729143986499760e-02
6.031336368484356836e-01 4.718569492297840229e-02 3.496806682285859003e-01
5.801655410034781690e-01 9.912831999507751291e-02 3.207061390014441793e-01
9.615003763246829371e-02 5.367209266355864594e-01 3.671290357319453301e-01
7.233724613436137707e-01 1.997953444071603676e-02 2.566480042156701336e-01
2.620513787217318979e-01 3.247780713960001647e-02 7.054708141386681897e-01
5.882043682708779642e-01 1.077077830173542583e-01 3.040878487117678608e-01
6.796131304050380129e-01 1.656836633058492714e-01 1.547032062891127990e-01
7.540682776722791303e-01 8.946245365101005223e-03 2.369854769626197899e-01
3.273174456756334227e-01 5.018628906939725381e-02 6.224962652549692610e-01
6.013936375856504535e-01 3.736648358025679295e-01 2.494152661178164476e-02
5.152061301104685631e-01 3.227181442116901500e-01 1.620757256778413424e-01
8.084324872973498444e-01 1.638282517860076004e-01 2.773926091664264543e-02
2.136708153246011932e-01 6.626417250079188158e-03 7.797027674253196317e-01
8.399706608483399339e-01 1.179197527820434466e-01 4.210958636961664031e-02
3.877319062416531015e-01 2.692096763104550629e-03 6.095759969952422308e-01
4.668186932800603289e-02 9.382545448526291576e-01 1.506358581936488063e-02
3.111456923255338097e-02 5.421517040604523219e-01 4.267337267069943318e-01
4.988070431191426457e-01 3.696501738428513428e-02 4.642279394965722061e-01
2.597796047898007776e-01 7.682887603650044236e-03 7.325375076065491209e-01
1.399587970862493577e-02 7.626936254545723104e-01 2.233104948368027920e-01
2.834123857658531892e-02 7.809057476950979904e-02 8.935681866539048057e-01
8.503079501305922383e-01 1.336636247939152478e-01 1.602842507549259721e-02
7.112482915483078760e-02 2.353956465512103968e-02 9.053356061900482699e-01
9.281034855952069451e-02 7.401060060968044363e-01 1.670836453436747859e-01
9.060482105999366764e-01 4.131440405217527700e-02 5.263738534788805351e-02
7.297225086553041917e-01 2.483726381533280791e-01 2.190485319136765974e-02
6.787589646094104034e-02 1.572971612370574479e-01 7.748269423020014424e-01
6.991204353650876113e-01 2.786932193639536370e-01 2.218634527095860592e-02
1.399535901725900977e-01 8.882740946567324603e-03 8.511636688808424944e-01
4.309230202330505688e-01 1.333856972126674402e-02 5.557384100456826959e-01
1.924061848699460675e-01 6.323219450000472364e-01 1.752718701300066406e-01
9.587613683642152163e-01 3.066944094805576504e-02 1.056919068772913146e-02
9.121808189106052067e-01 4.879178575981098914e-02 3.902739532958383190e-02
1.886045036915553197e-01 7.052531834061497307e-01 1.061423129022949496e-01
2.983317048554345319e-01 5.986919024811117040e-01 1.029763926634537224e-01
1.789557046273221874e-01 1.244453904916990733e-01 6.965989048809788642e-01
6.163938732435377821e-01 2.632202435303924171e-01 1.203858832260698286e-01
5.169679838288160356e-01 3.011976151241091762e-02 4.529122546587729392e-01
9.859090212563811906e-02 2.601724902730037647e-01 6.412366076013581440e-01
8.964170248407083985e-01 3.075676618884124608e-02 7.282620897045029296e-02
5.836611076269142551e-01 2.127785927496166352e-01 2.035602996234691375e-01
9.568521463706206598e-01 3.936131437194195781e-02 3.786539257437363751e-03
1.536495072694669672e-01 7.114416137280686891e-01 1.349088790024644269e-01
1.620357476269665975e-01 1.086469635906648365e-03 8.368777827371267630e-01
4.059417961372932537e-02 3.299046419998465374e-01 6.295011783864241650e-01
9.123372342945720304e-01 7.348739549938625160e-02 1.417537020604175101e-02
1.355947058377476588e-01 8.305827848542356451e-01 3.382250930801666833e-02
5.017861095548202532e-02 2.228661998744376968e-02 9.275347690570742154e-01
2.259099749325430562e-01 6.714078048194875858e-01 1.026822202479693302e-01
6.776057305062846980e-01 1.930160942745757502e-01 1.293781752191396073e-01
8.974131674002747486e-03 3.494407280213468036e-03 9.875314610457838205e-01
9.706741898226014520e-01 1.073040370761063796e-02 1.859540646978790832e-02
7.653160647230050628e-02 6.862454592114111129e-01 2.372229343162882698e-01
2.704885431585209998e-01 6.832311298072530903e-01 4.628032703422590988e-02
9.494722346286843528e-01 2.179715524454899425e-02 2.873061012676677434e-02
7.732048117905534479e-01 4.018953603015652798e-02 1.866056521792902045e-01
5.450781462771373542e-01 1.763194543908121470e-01 2.786023993320505543e-01
3.286492964680971518e-01 2.362107518187212540e-01 4.351399517131815942e-01
7.309722288784796795e-01 1.449072989929086619e-01 1.241204721286115892e-01
8.576377738278632146e-01 7.130415248391414051e-02 7.105807368822270043e-02
1.717483755866432704e-01 8.996294975625254708e-02 7.382886746571042380e-01
9.840831768442229732e-01 4.552323172154608757e-03 1.136449998362232955e-02
8.376733301710891366e-01 1.071599575476679805e-01 5.516671228124299386e-02
9.240780717161278801e-03 2.096642766784598960e-02 9.697927916149927663e-01
7.624192079920920351e-02 7.446394572545625423e-02 8.492941334753345561e-01
7.501987078173107948e-01 1.652517621609380372e-01 8.454953002175108479e-02
1.178086471292942305e-01 1.693399404825892407e-01 7.128514123881164455e-01
8.206037131529893003e-01 8.650686430527020077e-02 9.288942254174054058e-02
2.411678826834320055e-01 6.488885036004256035e-01 1.099436137161424187e-01
9.084561551805192536e-01 1.912970951730417341e-02 7.241413530217644112e-02
4.717739581942351906e-02 9.303953790195995666e-01 2.242722516097692825e-02
1.450044477786843478e-01 6.623641101768784623e-01 1.926314420444372455e-01
2.532472718969418501e-01 1.990393232635070953e-02 7.268487957767073571e-01
1.406467611130862438e-01 2.094027627494276789e-01 6.499504761374860218e-01
6.159307725728303123e-02 3.269896762808627289e-02 9.057079551146306473e-01
9.151477543768636591e-02 9.041487785965348634e-01 4.336445965778633685e-03
4.772845482620772239e-01 5.627187826734326992e-02 4.664435734705794090e-01
6.038133213597755011e-01 2.538099264311802217e-01 1.423767522090443882e-01
3.019663800087001304e-01 6.730240297777770886e-01 2.500959021352266304e-02
3.459197952595259862e-01 1.569908110862299616e-02 6.383811236318510662e-01
1.099241077034235348e-01 5.838950839212792010e-03 8.842369414573636455e-01
2.642352355566896308e-02 9.618140695808363727e-01 1.176240686349477003e-02
1.487303279960307811e-01 4.281939236003090565e-03 8.469877327679660173e-01
2.918685968920229912e-01 3.230361605986660500e-02 6.758277870481104177e-01
4.551430867028939953e-01 4.604105103332136600e-02 4.988158622637846040e-01
8.890066888417168522e-01 8.342397553317475178e-02 2.756933562510839250e-02
3.496259243010754192e-01 6.150161404881446803e-01 3.535793521077983809e-02
8.533832270406424003e-01 5.558882766922366991e-02 9.102794529013395752e-02
6.008407256704974969e-02 9.863339349759857322e-02 8.412825339353516840e-01
5.975624754234226677e-01 1.996995679913798061e-01 2.027379565851976373e-01
2.035118854023253987e-01 2.919049501135908414e-02 7.672976195863154825e-01
7.969276092325910943e-01 1.054465776238230207e-02 1.925277330050264857e-01
8.772583353283537333e-01 5.245736564004152558e-02 7.028429903160472725e-02
9.279981836823988361e-01 2.273666318270913325e-02 4.926515313489206876e-02
2.737224788827726241e-01 6.933762308975602862e-01 3.290129021966718692e-02
6.450011402906355995e-01 2.755650043685582695e-02 3.274423592725086429e-01
1.354718806025691502e-01 1.418293918892338801e-01 7.226987275081970807e-01
5.677696611176204222e-02 8.037226400503634238e-01 1.395003938378746866e-01
4.859501399631094287e-02 8.782297324462637889e-01 7.317525355742517112e-02
1.679628494373603675e-01 4.062287197885225930e-03 8.279748633647543432e-01
1.334786212991696634e-02 9.786761111475694719e-01 7.976026722513674533e-03
7.851207511811093553e-01 1.650596135145802057e-01 4.981963530431038345e-02
3.523073203217024774e-01 5.569947155413647044e-01 9.069796413693272108e-02
7.549566792332610722e-03 9.920418545868598947e-01 4.085786208076482256e-04
7.974256217938632263e-01 1.000927994968312529e-01 1.024815787093055347e-01
4.413221856245094221e-01 6.196314571101321257e-03 5.524814998043893199e-01
1.476007244878561053e-01 2.811318090665471114e-01 5.712674664455967832e-01
8.288608100987721050e-01 3.093954047791014350e-02 1.401996494233178348e-01
9.006083411438279285e-01 3.548170390795628293e-02 6.390995494821577472e-02
8.126389018751222285e-03 9.886000581183990166e-01 3.273552862849661831e-03
2.060085188101601628e-01 5.177961490196880678e-02 7.422118662878709472e-01
1.322536739485742630e-02 9.632358669985071620e-01 2.353876560663539091e-02
5.143375159260444446e-02 5.216480953893455619e-02 8.964014388684611312e-01
5.222862994426539368e-02 3.774014924448723749e-03 9.439973551312859090e-01
2.947956634537147735e-01 5.816465317625033049e-02 6.470396833700348127e-01
6.167445529236269958e-02 5.931058114682915411e-02 8.790149635608082157e-01
7.825906696289556264e-01 1.213932897889769547e-01 9.601604058206734960e-02
1.462805054550184169e-01 2.214305743413612707e-02 8.315764371108453901e-01
9.430773980351946362e-01 4.684478537177528407e-02 1.007781659303005201e-02
2.040798960998534972e-01 1.412508892590662660e-02 7.817950149742398658e-01
2.044035713996136816e-02 2.902622639083295934e-03 9.766570202209553520e-01
4.457939398095280836e-01 3.558383135313757939e-01 1.983677466590961225e-01
3.173066602803124164e-02 8.865291037254202297e-03 9.594040429347145960e-01
6.036854781465028630e-02 3.702264543584997680e-01 5.694049978268499457e-01
8.441412395910816713e-01 9.689931246204835924e-02 5.895944794686986540e-02
8.368764288898949966e-01 8.528934508698927941e-02 7.783422602311566851e-02
6.123651760182770021e-01 4.326430899236456684e-02 3.443705149893583894e-01
1.303067516419962116e-02 9.689516529636781339e-01 1.801767187212214086e-02
7.954471838258999616e-01 9.347611769904422274e-02 1.110766984750558711e-01
7.411501571411026612e-01 2.295974885420116463e-01 2.925235431688589030e-02
2.476301300374642370e-02 9.199372768111594434e-01 5.529971018509415026e-02
6.035267644671108433e-01 3.883955587878250570e-01 8.077676745064153382e-03
8.864421538102282838e-01 8.138159225764955707e-02 3.217625393212238116e-02
5.106108118886047986e-01 1.156893888917756852e-01 3.736997992196194884e-01
8.270227616858238928e-01 1.104640794506695917e-01 6.251315886350643225e-02
7.823548142396259397e-01 1.559820303549958598e-01 6.166315540537808948e-02
9.828427235731480860e-02 5.884704961754808061e-02 8.428686780251370969e-01
2.253569332422130644e-01 2.525222238257772145e-01 5.221208429320096656e-01
2.008962927873039761e-02 1.321822916719630385e-03 9.785885478045499575e-01
5.559019150115567243e-01 4.329730978556692866e-01 1.112498713277403073e-02
3.494545550439230319e-01 3.594764010053633219e-01 2.910690439507136462e-01
7.438242432212145705e-02 2.055323189563043051e-01 7.200852567215741962e-01
4.879519714233394034e-01 6.370812298745971713e-02 4.483399055892009488e-01
8.786811703317669309e-02 1.716298676552615102e-02 8.949688962012970483e-01
7.798954517857072943e-01 1.913815029383447996e-01 2.872304527594802051e-02
8.165011520383216315e-01 8.104940428332527147e-02 1.024494436783530277e-01
7.600216878179345548e-01 1.638590643457899787e-01 7.611924783627545266e-02
3.238604493940294010e-02 1.203413746386335081e-02 9.555798175967338270e-01
1.446637100379515040e-01 8.449141789741992925e-01 1.042211098784921915e-02
7.564188843952275310e-01 2.680126514905765978e-02 2.167798504557148787e-01
6.809093047803622956e-02 5.813826876556547063e-01 3.505263818663090225e-01
4.366478074098136819e-01 9.513778346451815665e-03 5.538384142437345892e-01
8.185558541652567799e-01 5.918026234805159880e-02 1.222638834866915797e-01
2.092090844695598251e-01 8.802717717580811618e-02 7.027637383546321281e-01
5.006034678025172990e-01 3.160098478054546023e-01 1.833866843920281819e-01
7.786110185223077407e-01 5.577401914540729144e-02 1.656149623322850928e-01
2.063591573256019773e-01 7.767592902380844322e-01 1.688155243631364946e-02
5.851150624147799517e-02 1.932998509002482601e-01 7.481886428582738002e-01
9.174691709643360005e-01 4.008452526552019196e-02 4.244630377014373818e-02
8.599983844258436705e-02 8.922340930505113787e-01 2.176606850690423686e-02
6.698422782037110057e-01 2.237766049178649755e-02 3.077800613045024725e-01
8.348404073418578264e-01 1.523620649336471788e-01 1.279752772449500170e-02
4.386392717863439317e-01 2.253742777209530035e-01 3.359864504927030926e-01
6.226430511277223356e-01 3.303359897912601095e-01 4.702095908101757565e-02
9.139865404893381118e-02 8.250654155651514499e-01 8.353593038591472508e-02
6.674482378603444621e-01 1.514481778166925641e-01 1.811035843229630016e-01
2.650543319004443066e-01 3.832557079086349600e-02 6.966200973086921211e-01
3.836210627495833525e-01 1.260438038353746126e-01 4.903351334150420349e-01
9.687699076861727709e-02 8.492245799568608478e-01 5.389842927452190985e-02
2.686439091724050487e-01 5.810884038209908065e-01 1.502676870066042003e-01
1.499422997904252819e-01 1.671990395538555316e-02 8.333377962541892447e-01
5.428951252915737991e-01 2.249003767852549573e-01 2.322044979231712714e-01
5.122917253295752871e-02 2.008660255534697875e-02 9.286842249116955550e-01
4.021845788871153404e-01 5.527218134206547395e-01 4.509360769222998944e-02
1.646488406994316978e-01 1.485902412118006444e-01 6.867609180887676024e-01
2.028591655540989275e-02 8.714601296924341378e-01 1.082539537521560874e-01
2.540288605312341907e-01 4.035263369574119685e-01 3.424448025113537852e-01
1.348386235612615835e-01 8.474581307573265665e-01 1.770324568141179791e-02
9.817505684873895078e-01 1.010499117524167254e-02 8.144440337368689595e-03
9.300707092278791555e-01 2.019920771968003459e-02 4.973008305244068505e-02
2.147320702914749524e-01 9.793290819666627955e-02 6.873350215118587681e-01
4.946840365788069543e-02 6.885978973301734411e-03 9.436456173688175797e-01
6.995667596798913479e-01 4.619702487274052888e-02 2.542362154473681857e-01
6.822491047667063047e-01 2.688905262449390876e-01 4.886036898835457304e-02
9.168348564018605207e-02 8.455224078155538781e-01 6.279410654425991722e-02
8.668869055653968814e-02 9.155815597919773896e-02 8.217531534642626978e-01
9.658900493274840127e-01 7.706402293655295610e-03 2.640354837886064662e-02
2.283538326068145219e-01 2.614552753640324995e-02 7.455006398567822767e-01
1.199794691257503182e-01 8.344634532607178024e-01 4.555707761353185864e-02
6.102060990294419507e-02 6.868447011255812695e-01 2.521346889714745076e-01
4.072664978714762296e-01 5.272609090258182363e-01 6.547259310270553412e-02
8.657892234351305394e-01 1.107085587715760516e-01 2.350221779329344715e-02
8.313623934310204744e-01 5.492030457753104000e-02 1.137173019914484856e-01
3.368068886205076440e-03 9.891692241750128511e-01 7.462706938782081960e-03
6.208028162873833189e-01 2.547916283550002992e-01 1.244055553576163542e-01
8.823543606665854577e-01 3.438961760641767729e-02 8.325602172699690662e-02
1.729463772166653091e-01 6.236766204943773317e-01 2.033770022889573870e-01
3.599585144999298270e-01 5.892973287148607353e-01 5.074415678520949324e-02
1.602287358526529593e-01 2.624765573527605422e-01 5.772947067945863875e-01
1.324522811435781267e-01 7.990772734534066224e-01 6.847044540301532034e-02
2.782208395803754120e-01 3.470754885999762646e-02 6.870716115596270379e-01
2.828104572359432800e-01 5.913530004440546994e-01 1.258365423200019373e-01
2.460803035787014481e-01 1.885327859012042237e-02 7.350664178311780983e-01
7.627342235666024761e-01 3.847047527776033954e-02 1.987953011556370664e-01
9.205842062495041001e-01 7.449813072252228774e-02 4.917663027973516801e-03
7.676392189868692650e-01 1.438170013844797535e-01 8.854377962865103702e-02
8.698167577561040087e-01 9.201494997016533561e-02 3.816829227373052386e-02
9.374087543366371733e-01 1.785563763507170068e-02 4.473560802829115030e-02
1.903716497543102015e-01 6.485230910218083844e-01 1.611052592238813308e-01
9.706629097286383345e-01 2.954289960023057712e-03 2.638280031133855355e-02
7.754924421461651951e-01 1.898722840852178073e-01 3.463527376861685186e-02
1.988967231321064066e-01 1.529633218009623097e-01 6.481399550669312282e-01
1.561448949958986476e-01 1.431616597811272325e-02 8.295389390259886309e-01
4.116197708933852506e-01 8.622736948732879353e-03 5.797574921578818596e-01
2.425071640183470434e-01 3.348222580815129329e-02 7.240106101735015454e-01
4.432874899771721000e-01 1.833251627911078041e-01 3.733873472317201792e-01
9.205588926313328368e-01 5.866675946382880064e-02 2.077434790483822374e-02
2.945288019614848429e-01 1.315924677545080856e-01 5.738787302840070437e-01
8.741744336827349249e-02 2.174068970319266783e-02 8.908418669285338432e-01
8.422527615873401929e-01 1.415411842940719478e-01 1.620605411858798764e-02
9.618227161647689982e-01 1.390661928573673663e-02 2.427066454949438831e-02
3.134551411130641063e-01 5.014901764302868159e-01 1.850546824566490223e-01
8.271068626115301026e-01 1.558158881756432357e-01 1.707724921282669645e-02
4.788383437062637693e-01 1.441231764474452115e-01 3.770384798462910747e-01
3.494512577542309151e-01 2.324596150558714824e-01 4.180891271898976025e-01
3.453445297619816556e-01 6.350482963459507246e-01 1.960717389206751565e-02
1.252544443787041162e-01 7.019923477561137437e-01 1.727532078651820013e-01
4.512168049733278896e-01 4.254914324268329051e-01 1.232917625998391220e-01
6.179743288427567115e-03 3.196201616533568633e-03 9.906240550950388135e-01
2.132145361306590214e-01 3.569320061663247556e-02 7.510922632527086140e-01
9.955498499790797762e-02 6.604020269898477902e-02 8.344048123031072572e-01
4.826621031754558394e-02 8.930323068943407661e-01 5.870148278811368470e-02
3.568983841960827741e-01 6.064848521420616034e-01 3.661676366185561554e-02
3.311759396292321411e-01 1.847157225435288319e-01 4.841083378272391102e-01
1.904941746567643535e-01 1.433261278889712276e-02 7.951732125543385932e-01
6.688898453378184783e-01 2.757438448074118753e-01 5.536630985476976435e-02
7.984474755980321969e-01 1.927236312493375014e-01 8.828893152630383143e-03
1.495828277911938065e-01 4.170255163352462602e-02 8.087146205752816508e-01
7.329665184842404368e-02 2.902035544286107188e-02 8.976829927087147665e-01
7.949052503772543465e-01 1.585282768506646456e-01 4.656647277208095237e-02
7.428242078595228559e-01 8.401749865812709051e-02 1.731582934823500397e-01
9.586808586367513429e-01 1.427093505235888654e-02 2.704820631088963867e-02
2.237186111000631292e-02 3.751147996342765051e-03 9.738769908936508735e-01
3.879372099140973584e-01 3.281456434983733295e-01 2.839171465875293676e-01
8.287043666697287148e-02 3.234045411120992086e-01 5.937250222209279338e-01
6.878345219581745440e-02 5.632520098476238024e-01 3.679645379565586460e-01
2.614737092149139672e-02 9.585048612057824879e-01 1.534776787272597656e-02
1.144487590227625667e-01 1.420634430750791211e-01 7.434877979021582428e-01
1.282962219170832030e-01 7.342518095780763421e-01 1.374519685048404549e-01
6.557276161432662454e-01 2.896499074419763287e-01 5.462247641475734966e-02
2.754159152589433779e-01 1.392930796670024431e-02 7.106547767743562893e-01
8.163351933595006105e-03 9.836458674643551170e-01 8.190780602049769349e-03
2.974318773267909943e-01 2.042371585042523086e-01 4.983309641689566694e-01
1.594580352532390111e-01 8.236650570753771827e-01 1.687690767138367437e-02
8.149120813822188780e-02 2.746039281273807663e-03 9.157627525805043245e-01
2.327628813355729354e-01 5.716272898563590221e-01 1.956098288080681258e-01
7.007575667149378018e-02 9.709721277115357374e-02 8.328270305573526322e-01
6.409492541253459796e-01 8.783304160230294422e-02 2.712177042723510345e-01
9.754328213366104672e-01 1.546126966898322269e-02 9.105908994406343090e-03
5.055179610440168059e-01 7.446442259808541686e-02 4.200176163578978050e-01
1.082171318449526853e-01 1.768291215025896701e-02 8.740999560047884032e-01
3.281807382042480764e-02 9.524842356789463560e-01 1.469769050062879126e-02
3.187215119143136377e-01 3.203331350995079485e-01 3.609453529861783583e-01
1.331627315595759753e-01 2.009991192795107795e-01 6.658381491609133285e-01
6.251315029088169717e-02 2.150706760497907988e-01 7.224161736593275318e-01
8.723568184528415204e-01 1.192553603554200592e-01 8.387821191738474222e-03
1.269910672300245680e-01 5.483969001095037252e-03 8.675249637688804416e-01
2.373475364054103420e-01 7.399258683337420761e-01 2.272659526084754369e-02
1.367319878994482929e-01 8.229518953756981281e-02 7.809728225629818388e-01
7.135642692363953765e-01 2.578233026136743655e-01 2.861242814993038286e-02
9.851477415269378479e-01 4.980785302365383325e-03 9.871473170696795640e-03
3.288596670000337174e-01 2.482609167187602162e-01 4.228794162812060664e-01
1.665850193849510996e-01 8.284573178290195461e-01 4.957662786029309182e-03
1.177162346785145114e-01 7.859727198347083998e-01 9.631104548677710264e-02
7.922423990639873015e-01 1.906766495295684760e-01 1.708095140644430576e-02
9.954832352497192671e-01 2.423154000421370684e-03 2.093610749859385611e-03
7.358380240541176343e-02 9.222594644361247207e-01 4.156733158463481181e-03
7.053683632638385603e-01 5.732595696195031537e-02 2.373056797742111035e-01
1.838563798365006573e-03 9.972570116003044438e-01 9.044246013305491834e-04
1.963970060817532559e-02 4.016998848475620415e-03 9.763433005433490575e-01
9.769638406622744853e-01 8.162821601106916639e-03 1.487333773661868828e-02
7.007476210220464630e-02 1.295912504294333967e-01 8.003339874683619293e-01
7.848402172183482906e-01 1.118258032098691651e-01 1.033339795717826276e-01
7.385634340842547885e-02 4.275276932652138928e-02 8.833908872650531041e-01
5.498697460982509000e-01 4.492660612544949195e-02 4.052036477762996913e-01
3.791995716539978134e-01 5.162862480639248686e-01 1.045141802820773597e-01
6.053795813092246458e-01 3.748453816070043687e-01 1.977503708377088484e-02
1.412638088543183464e-02 4.860053563932923391e-03 9.810135655506352359e-01
7.554632023050760203e-01 1.747681258979216432e-02 2.270599851051319507e-01
1.205949409313652847e-02 4.004756244029261114e-01 5.874648815039372751e-01
1.524108245622940450e-01 6.547312268519650535e-01 1.928579485857410125e-01
2.226938441523822892e-02 6.356760725217409647e-01 3.420545430630207440e-01
7.703504542687292789e-01 9.029931398015479671e-02 1.393502317511159383e-01
9.227542341977498230e-01 6.150102927909224110e-02 1.574473652315788036e-02
4.893742903552771306e-01 4.768436338284805509e-01 3.378207581624239481e-02
4.509450346597764225e-01 5.424965241391521698e-01 6.558441201071418120e-03
3.786126285844118033e-01 8.296589966478816469e-02 5.384214717508000181e-01
1.128889394732370544e-01 6.173262081900465076e-02 8.253784397077583712e-01
6.668851790669323432e-01 6.178318222854411318e-02 2.713316387045235922e-01
2.299793302996323563e-01 7.255032581592644192e-01 4.451741154110317594e-02
1.493308943383421517e-01 3.020458492698082642e-01 5.486232563918496119e-01
4.032998952652604163e-02 1.670982237188164271e-02 9.429601881015923226e-01
8.747832654725321566e-01 4.543510340933161473e-02 7.978163111813620090e-02
6.600269979092690531e-02 3.968131930398927087e-02 8.943159809050839071e-01
8.539151352658212735e-02 9.067002932592479469e-01 7.908193214169955201e-03
2.276211186740892400e-01 6.400970428854433347e-01 1.322818384404673420e-01
1.597373196386848992e-01 8.328145294496526185e-01 7.448150911662442322e-03
8.482234324312860618e-01 3.697431221529520057e-02 1.148022553534188139e-01
6.296587535060151897e-01 3.147338170135130508e-01 5.560742948047178724e-02
4.843521340013688392e-01 1.803302982454292949e-02 4.976148361740882486e-01
8.457680369618644223e-01 1.988124170177006655e-02 1.343507213363653863e-01
8.788382094312763293e-01 1.043536243109136064e-01 1.680816625781013374e-02
1.553981939516734245e-01 4.477484271906630175e-02 7.998269633292601766e-01
1.458535537827719726e-02 9.705537977451278442e-01 1.486084687659498631e-02
1.227043220833592824e-01 1.747013781366118026e-02 8.598255401029795131e-01
1.450005035218472071e-01 1.361055379250994124e-01 7.188939585530532694e-01
1.673217036818313297e-01 3.136538561943455657e-03 8.295417577562251843e-01
2.576797976451260935e-02 9.685538262884803018e-01 5.678193947006915376e-03
2.345278760759087200e-01 7.254967415390862762e-01 3.997538238500497609e-02
6.917175315338446040e-02 5.288655204671567356e-01 4.019627263794588456e-01
5.878797966485855425e-02 9.021785290302174465e-01 3.903349130492408253e-02
8.873948188217736233e-01 2.508673322870874633e-02 8.751844794951761652e-02
7.054067422815327726e-01 1.705427660501754317e-01 1.240504916682918513e-01
3.167977622109233865e-02 6.322185135765201469e-01 3.361017102023874381e-01
1.452485333353011054e-01 4.086285412400444267e-02 8.138886125406944450e-01
8.484599127568411836e-01 8.874711797752164733e-02 6.279296926563737724e-02
9.378248838623973738e-01 5.699984590062633083e-02 5.175270236976294534e-03
3.243814255704874361e-01 6.571069189410229106e-01 1.851165548848961520e-02
6.004718196055741641e-01 1.188630942760016962e-01 2.806650861184241674e-01
7.835753456575670350e-01 2.094211158547678586e-01 7.003538487665043021e-03
3.303211251572195084e-01 6.391967036002418334e-01 3.048217124253864430e-02
5.590343742392767101e-01 3.924025223199368861e-01 4.856310344078642455e-02
5.158307767569105806e-01 4.792488031318735686e-01 4.920420111215908013e-03
7.797092455891013740e-01 1.006572523701043526e-01 1.196335020407943012e-01
2.646132765645489160e-01 1.436679606020294098e-01 5.917187628334217298e-01
9.146573613467638975e-01 4.700633903771369443e-02 3.833629961552226240e-02
3.111912822529118439e-02 9.561933253354857332e-01 1.268754643922308072e-02
4.896659905966875559e-02 9.447265253763664772e-01 6.306875563964881720e-03
9.039006119142485307e-01 3.895862129534728019e-02 5.714076679040417522e-02
7.973735206052299240e-01 1.899154038729228000e-01 1.271107552184725167e-02
1.846023274914103118e-01 9.722720229977150838e-03 8.056749522786126327e-01
6.834756893145674250e-02 5.868031481255337779e-03 9.257843995872878651e-01
5.338779428396064342e-01 1.616708813695132141e-01 3.044511757908803240e-01
8.166475080369577366e-01 7.358093225444861663e-02 1.097715597085937023e-01
8.241136717980877824e-02 8.956791807796024019e-01 2.190945204058875051e-02
9.003372280610802969e-01 3.165361254534238000e-02 6.800915939357726758e-02
8.951668424686690662e-01 2.998979340503419092e-02 7.484336412629660762e-02
7.272428481459851206e-03 9.916497972527500426e-01 1.077774265790198754e-03
1.378828086258827301e-01 8.582734036279152656e-01 3.843787746202096626e-03
4.983615229667688606e-02 2.054408571007617507e-02 9.296197619932469181e-01
3.182985665908066863e-02 8.716825953965198215e-01 9.648754794439962090e-02
4.168871321635357341e-01 2.373215436331322648e-01 3.457913242033318624e-01
4.811266703794919719e-01 1.332379791164469973e-01 3.856353505040609475e-01
1.829336706349156128e-01 7.620170696328761872e-01 5.504925973220817226e-02
4.102569015858030799e-01 3.555005521281162095e-01 2.342425462860806828e-01
3.180834606246879526e-01 4.324295186099920418e-02 6.386735875143129126e-01
6.372569799880483110e-01 1.868102768611382136e-02 3.440619923258378399e-01
9.367300457936863500e-01 5.916520171630880280e-03 5.735343403468286944e-02
9.076864506789444897e-01 8.676783234989983440e-02 5.545716971155622947e-03
7.899715690086771547e-01 1.450930676178158463e-01 6.493536337350697130e-02
8.610568572225785200e-01 6.159097346866029138e-02 7.735216930876115393e-02
4.418554321418552977e-01 4.039350813889605041e-01 1.542094864691843648e-01
2.368610161182019003e-01 5.813735053458853885e-01 1.817654785359127112e-01
4.625327081707868437e-01 2.519130954253698818e-01 2.855541964038432190e-01
8.692575932774680714e-02 4.320278901695079332e-01 4.810463505027452458e-01
1.271395937430615242e-01 5.749606927665763811e-02 8.153643369802808794e-01
3.866815384361891872e-01 1.046153886177778047e-01 5.087030729460331191e-01
9.656904826119903085e-01 2.744423893116544610e-02 6.865278456844408489e-03
4.752427788995003954e-01 3.973797739674865825e-01 1.273774471330129388e-01
4.965945452486598688e-01 1.739899235180199233e-01 3.294155312333202357e-01
7.372737622284690484e-02 8.407056946244457346e-03 9.178655668309086968e-01
5.914960017024218919e-01 3.820916820770449696e-01 2.641231622053301017e-02
3.700827913252219825e-01 4.288764323441658366e-01 2.010407763306120699e-01
1.971157872447529876e-03 9.907174167910586249e-01 7.311425336493946291e-03
8.905481840858681108e-01 3.061887159579117397e-03 1.063899287545526651e-01
1.505206438784048584e-01 5.527915415042854858e-02 7.942002019711665861e-01
4.530334365659725027e-01 3.640960487818872132e-02 5.105569585558388246e-01
6.872870464427905945e-01 3.006473976810701831e-01 1.206555587613923099e-02
8.356149190654350578e-01 1.025413944135279837e-01 6.184368652103692382e-02
1.013945459714928193e-01 8.887017608401541757e-01 9.903693188352906060e-03
1.311428441695179081e-01 1.629179352173659029e-02 8.525653623087454669e-01
2.493644074677389966e-01 1.075891030381031788e-01 6.430464894941577692e-01
2.447342750450176851e-01 1.495297380430743971e-02 7.403127511506749636e-01
5.599389868041486640e-01 3.945776284135153467e-01 4.548338478233607957e-02
7.665179490775807514e-01 1.784631483714087946e-02 2.156357360852784733e-01
1.769572328680582285e-01 3.016396646312885510e-01 5.214031025006531372e-01
8.962830049397199628e-03 9.883963349853459590e-01 2.640834965256781946e-03
7.613464046205125138e-03 1.539054916034466314e-01 8.384810443503483146e-01
1.229773989962123226e-01 8.615991374557391280e-01 1.542346354804841058e-02
3.309044644431836657e-01 1.176291859397977924e-01 5.514663496170185697e-01
1.185905439907031581e-02 9.868093250297685914e-01 1.331620571161134170e-03
9.142030499561174528e-01 1.244861042393174272e-02 7.334833961995075591e-02
1.791807266313752145e-01 1.855119203558890650e-01 6.353073530127357760e-01
4.388934749502017008e-01 4.821492357988447774e-01 7.895728925095348016e-02
5.625947490683069763e-01 2.104378318520703506e-01 2.269674190796227287e-01
8.720665021265449068e-01 2.243311780636091102e-02 1.055003800670942932e-01
9.482404903691824538e-01 3.749767530696993673e-02 1.426183432384766671e-02
6.977039859147184109e-02 2.519305624747401051e-01 6.782990389337879567e-01
9.271521375797912856e-02 8.151215595740815001e-01 9.216322666793945462e-02
8.060229502237567512e-02 1.376976883014789134e-03 9.180207280946095505e-01
7.064356380481221498e-01 1.057021790821383728e-01 1.878621828697394081e-01
2.783485095876764293e-01 1.610566307810552544e-01 5.605948596312683163e-01
6.798988237842903404e-01 1.272560519662810641e-01 1.928451242494284845e-01
1.295736017074402002e-01 2.423314649867363280e-01 6.280949333058234441e-01
2.177872548531223640e-01 4.391206192835216821e-02 7.383006832185254886e-01
7.010662991298134417e-01 2.131473551579620984e-01 8.578634571222461258e-02
4.708956680585750509e-02 9.121350439570230506e-01 4.077538923711937491e-02
7.097031042800879819e-01 1.967495948221837654e-01 9.354730089772815560e-02
7.197771809080976135e-01 1.335101137762994827e-01 1.467127053156028760e-01
9.653328058075952844e-01 9.901409588139939433e-03 2.476578460426464082e-02
2.334111804628110076e-01 2.658805682246975222e-01 5.007082513124915257e-01
8.053457036489420906e-01 3.198446867895168161e-02 1.626698276721063041e-01
1.055080642516863405e-02 9.862656551394823889e-01 3.183538435348984372e-03
2.425281627526799585e-02 2.824321881980862772e-02 9.475039649049235013e-01
4.349582113502924452e-01 4.528430292499300291e-01 1.121987593997774701e-01
5.617051110240024459e-01 3.411702683865250885e-01 9.712462058947256283e-02
1.756272444051029114e-01 3.565575132232667865e-02 7.887170042725702990e-01
9.488973699327029054e-01 2.973344059774902723e-02 2.136918946954813325e-02
1.355685644374215737e-01 1.197149652565048378e-01 7.447164703060735746e-01
2.590085119978812606e-02 9.539389599049719060e-01 2.016018889523992288e-02
3.561103313893689282e-01 4.889828794955733415e-01 1.549067891150576748e-01
6.910157838602789537e-01 7.220238748467158740e-02 2.367818286550494311e-01
6.519811415681113498e-02 8.652112767728111775e-01 6.959060907037772914e-02
1.264552688819209347e-01 8.398367051965848207e-01 3.370802592149430704e-02
9.379389416103032229e-01 2.048643772975182464e-02 4.157462065994482064e-02
9.318672770562557162e-01 2.513823126577423989e-02 4.299449167796989130e-02
1.608519616096471330e-02 9.831409494452659770e-01 7.738543937693719618e-04
