4.293252446828147995e-01 4.880675403871860274e-01 8.260721492999906213e-02
4.798313461254931356e-02 4.264284296585311301e-02 9.093740224215975942e-01
6.921503606584115120e-01 3.867603781549058817e-02 2.691736015260978720e-01
6.643167732641064305e-01 1.523065008804313780e-01 1.833767258554621082e-01
5.696088970929307216e-01 3.266408511186513763e-01 1.037502517884178743e-01
9.418749549660140330e-01 4.830870317351890209e-02 9.816341860467040631e-03
3.193972509281473027e-01 6.056824246250690491e-01 7.492032444678346781e-02
2.006886576567982194e-01 4.930898844632022882e-01 3.062214578799996034e-01
9.675546326069198733e-01 7.200511033588987211e-03 2.524485635949115861e-02
1.027639667586821431e-01 7.890511468374382664e-01 1.081848864038795627e-01
8.655599474078636835e-01 3.484486829600969698e-02 9.959518429612662649e-02
6.749033812268320220e-01 3.198302056661554982e-01 5.266413107012431205e-03
5.529704790009236648e-01 4.017982954672875140e-01 4.523122553178887673e-02
5.066781984877540834e-01 4.114647074801151549e-01 8.185709403213070612e-02
1.111620901319690657e-01 8.548461634347134241e-01 3.399174643331733664e-02
9.489865309869404131e-01 9.516947082730242355e-03 4.149652193032915548e-02
1.261351661286667092e-01 5.686553784029736436e-01 3.052094554683595917e-01
1.422969601672845197e-01 6.071174273040716995e-01 2.505856125286439195e-01
6.828747634236277397e-01 7.780574821403389574e-02 2.393194883623384339e-01
9.821193833452131206e-02 5.607417039734450062e-03 8.961806446257443159e-01
3.954374466759303930e-01 5.468366309540680925e-01 5.772592237000146592e-02
5.545481964789048535e-01 4.275803125160850260e-01 1.787149100501015178e-02
4.799914231870230918e-01 2.044283884613244326e-02 4.995657379668446141e-01
3.683083256332971012e-02 9.437485477798238653e-01 1.942061965684639332e-02
9.037663300538825162e-01 5.457005136271537993e-02 4.166361858340204144e-02
1.306588050807980239e-01 1.327657572307146816e-01 7.365754376884873222e-01
8.141855926345927807e-01 1.049129514194446222e-01 8.090145594596255540e-02
6.143332885680018451e-01 2.547043268661299820e-01 1.309623845658681174e-01
1.303946503739182028e-01 6.306594101631161076e-01 2.389459394629657729e-01
5.400228709723885190e-02 9.030676060869914368e-01 4.293010681576958643e-02
1.558041200764224976e-01 6.552211352021642954e-01 1.889747447214132625e-01
5.421665864150069236e-01 3.288068256664626876e-01 1.290265879185303888e-01
1.877503404071435844e-01 2.013540905066876774e-02 7.921142505421876479e-01
3.518183488230972045e-01 6.216105111480404316e-02 5.860206000620987732e-01
1.292012619174279751e-02 9.646481311525313407e-01 2.243174265572593640e-02
2.157818112346322481e-01 6.954086892060605540e-02 7.146773198447616826e-01
9.001351552174219339e-01 4.874390847739953035e-03 9.499045393483812605e-02
7.395919526688889967e-01 3.611600889654983243e-02 2.242920384345612195e-01
3.888223462342181580e-02 6.713219124693711182e-01 2.897958529072069411e-01
9.542832832815240085e-01 1.934593578818620888e-02 2.637078093028967854e-02
6.244252657262713141e-02 4.644501231931987169e-03 9.329129721954407817e-01
7.791078418954746621e-01 3.625081338264832947e-02 1.846413447218770432e-01
1.629032749146429315e-01 4.753315158005252949e-01 3.617652092848318568e-01
1.068752716829472760e-02 9.740635024403766495e-01 1.524897039132852052e-02
1.887523301834424794e-01 8.710637968689478872e-02 7.241412901296627735e-01
2.886964708646326538e-02 6.162186589898114783e-03 9.649681663236385765e-01
3.748901084753750168e-01 2.909977018711239899e-02 5.960101213375126328e-01
1.132205120927573389e-01 5.443488828998641615e-01 3.424306050073786523e-01
4.663694879629021878e-02 9.589438552198295551e-02 8.574686656817268604e-01
4.347114441388811798e-03 9.945054229194567608e-01 1.147462639154617605e-03
7.483013757817641443e-02 9.185482911860832766e-01 6.621571235740364436e-03
6.713170820613872936e-01 3.114327407994453845e-01 1.725017713916732545e-02
9.238085918160729437e-02 3.455828333779391581e-01 5.620363074404535197e-01
4.771455859019417267e-01 1.824286358183968906e-02 5.046115505162185322e-01
7.081690383718350357e-02 4.314150653815969627e-01 4.977680307812196170e-01
8.769685240030071494e-03 9.895502238423841135e-01 1.680090917585859477e-03
2.567935099260304499e-01 7.151698206774926847e-01 2.803666939647681683e-02
4.134221210720011586e-01 5.764947123888525260e-02 5.289284076891136444e-01
9.220901425707416221e-01 3.167113198791775969e-02 4.623872544134071533e-02
5.072457012255012776e-01 5.560464067406310773e-02 4.371496581004356563e-01
3.854319582426129487e-01 2.374487815151317960e-01 3.771192602422552831e-01
1.905242910905734915e-02 9.801737210267408296e-01 7.738498642017260874e-04
5.892596593479937361e-01 5.698152715509659932e-02 3.537588134969095743e-01
2.531697607806652345e-02 7.619210712041091411e-03 9.670638132098925421e-01
4.237514421482151822e-02 9.561630188797954899e-01 1.461836905383125888e-03
5.113626942161954986e-02 2.149617180585184154e-02 9.273675587725285219e-01
2.969525108559869508e-01 2.696311806539078079e-02 6.760843710786222927e-01
3.180988568131250249e-02 9.643660523456119016e-01 3.824061973075774598e-03
7.600213457980894427e-01 2.753257530421462929e-02 2.124460788976958447e-01
6.777245178110519186e-02 1.579005046985318059e-03 9.306485431719094814e-01
9.853884812939062154e-02 2.923076474252679913e-01 6.091535044453413317e-01
1.193603214823636162e-02 6.879277283217997280e-03 9.811846905685455145e-01
7.211879218049953577e-01 2.595584555123683357e-01 1.925362268263619905e-02
2.315552174046700273e-01 7.616887861500852841e-01 6.755996445244729330e-03
9.613602085300192446e-01 3.815495545504283149e-03 3.482429592447644495e-02
1.640652756385081457e-01 1.029151880170196820e-01 7.330195363444721446e-01
1.101316218740925647e-02 1.508953524041112791e-02 9.738973025721795462e-01
1.046132208917202600e-01 2.431864234223890808e-01 6.522003556858907425e-01
5.085911695124827742e-02 1.676853400532636942e-02 9.323723490434253636e-01
4.918351868208823419e-01 4.941010159994232986e-01 1.406379717969438899e-02
9.076667747397995992e-03 1.110130443569474004e-02 9.798220278169071928e-01
9.631870684294345855e-03 9.877875249230250176e-01 2.580604392680552802e-03
2.440573212143734225e-02 9.726517961258647205e-01 2.942471752698070427e-03
3.701021439924902512e-01 1.465933535185419238e-02 6.152385206556555408e-01
5.226125783790480650e-01 4.126079489401469902e-02 4.361266267269373054e-01
4.932626334089951214e-01 2.223665746663834875e-01 2.843707919246212801e-01
9.522636233652106430e-01 3.412609861705354769e-02 1.361027801773598278e-02
5.605251036828374778e-01 1.424697454875069880e-01 2.970051508296553955e-01
1.316244115317151582e-02 9.844046492494683553e-01 2.432909597360029524e-03
7.876523156558135064e-01 1.789977872634049283e-01 3.334989708078156534e-02
4.318310448124583478e-02 8.328581386906789286e-01 1.239587568280753338e-01
8.663606424296438346e-02 8.645603311073305486e-01 4.880360464970503326e-02
5.859921423815543651e-02 5.207493977276245190e-01 4.206513880342199752e-01
4.165976166509624545e-02 4.853547174865699421e-02 9.098047665862467603e-01
2.998954413639518535e-01 7.102083738821517167e-02 6.290837212478329610e-01
5.038311539485198498e-01 4.543298436897875714e-01 4.183900236169255799e-02
1.325055644901352858e-01 2.222219199941700141e-01 6.452725155156946446e-01
8.373156432740840316e-01 5.927816257876967337e-02 1.034061941471463575e-01
1.189150597009974164e-01 5.134947884982854482e-02 8.297354614491740943e-01
7.314957816700100590e-01 1.782663931307913036e-02 2.506775790169106233e-01
6.257505020107361204e-01 3.378571979215382326e-01 3.639230006772566084e-02
6.476583153195392129e-02 7.043874486135670576e-01 2.308467198544790489e-01
2.436414786423350409e-01 3.386810420375160197e-02 7.224904171539133779e-01
7.563106152316556585e-01 2.191914175136807919e-01 2.449796725466357739e-02
8.294732192231216716e-01 2.314385253688209382e-02 1.473829282399961860e-01
6.790832112207406679e-01 2.698051065421729344e-01 5.111168223708652258e-02
5.058750583031838000e-01 3.149277626944490399e-02 4.626321654273713446e-01
3.890768081236532505e-01 7.682065871451669581e-02 5.341025331618299843e-01
1.110245609373643055e-01 4.191988326179966196e-01 4.697766064446389778e-01
8.577238593218778906e-01 2.247008181719922781e-02 1.198060588609229371e-01
1.939340017470365107e-01 5.248146223382936515e-02 7.535845360191341102e-01
4.273627910880837821e-01 5.762113499698326424e-02 5.150160739149329814e-01
8.092706574005413822e-01 8.686107347428240200e-02 1.038682691251761880e-01
8.843727241181665866e-01 8.102044949206852961e-03 1.075252309326266281e-01
3.986690490840634205e-01 3.637434297458960047e-02 5.649566079413470554e-01
6.832964573908149042e-01 2.961166538080037824e-01 2.058688880118139317e-02
4.510769262323841011e-01 1.994558771367773431e-01 3.494671966308385835e-01
6.166741880030155443e-01 2.952952914094109649e-01 8.803052058757342146e-02
2.463714851627935021e-01 6.310464982531523159e-03 7.473180498546749817e-01
8.454430295679665752e-01 5.923355712705258291e-02 9.532341330498084186e-02
1.895950547521562668e-01 4.486156560819984894e-03 8.059187886870237127e-01
4.099799072650321674e-02 9.433746539329268543e-01 1.562735534056991851e-02
5.282695580072149788e-02 8.326255467179531911e-01 1.145474974813252694e-01
3.033361051756968685e-01 8.771454294470128199e-02 6.089493518796017524e-01
1.784775812867117895e-01 7.795774658079459955e-03 8.137266440552086699e-01
2.357853327878444913e-02 8.987469133343205518e-01 7.767455338689492617e-02
6.276590915511884305e-02 7.855172306178041797e-02 8.586823677831008084e-01
9.616956077089400257e-01 2.972996351014719346e-02 8.574428780912836390e-03
2.369159586406880541e-02 2.893351031048057784e-02 9.473748938254505925e-01
9.301943964243271357e-02 7.495378918290832582e-01 1.574426685284839311e-01
9.739488116323287148e-01 3.959583563500252562e-03 2.209160480417085570e-02
7.061554242310391638e-01 2.558232110941429660e-01 3.802136467481787019e-02
1.082720353382627676e-01 1.793235471856358676e-01 7.124044174761012815e-01
8.671025447834237454e-01 8.482618296538245450e-02 4.807127225119374458e-02
1.805492029193893344e-01 2.028967117983968005e-02 7.991611259007710411e-01
2.489495205563811708e-01 9.969184793161499011e-03 7.410812946504572452e-01
4.618083697380264141e-01 2.505225541365018183e-01 2.876690761254717676e-01
9.737730964933415390e-01 2.114693937105190796e-02 5.079964135606526189e-03
9.339096776722368709e-01 5.323145114643065140e-02 1.285887118133269974e-02
2.554153125381323775e-01 6.946882993809193607e-01 4.989638808094822714e-02
3.461991412610144758e-01 5.339075625176643580e-01 1.198932962213211662e-01
1.586611275028598778e-01 9.754792252879751491e-02 7.437909499683424963e-01
3.336818319954117928e-01 5.197782971567352917e-01 1.465398708478530265e-01
4.919432320816986004e-01 1.722263144359597112e-02 4.908341364747053626e-01
5.577251658006909113e-02 3.619835326028917888e-01 5.822439508170391687e-01
8.740832156901954253e-01 8.494484186715767909e-03 1.174223001230886992e-01
6.419856645003588769e-01 1.351532849044994045e-01 2.228610505951415799e-01
9.761371629922633852e-01 1.940732433989600381e-02 4.455512667840428806e-03
2.184214033645203445e-01 6.803993105967646171e-01 1.011792860387151077e-01
7.444437156056660232e-02 4.631837393708605299e-04 9.250924447000625772e-01
7.279173817961671900e-02 3.615239387758407696e-01 5.656843230445425252e-01
9.588766444470822048e-01 3.320728224679982132e-02 7.916073306117772657e-03
3.033950288564496445e-01 6.791571988157504292e-01 1.744777232780003046e-02
5.063676127796391119e-02 1.398739685159509222e-02 9.353758418704410937e-01
2.731702304283651350e-01 6.041093494819037568e-01 1.227204200897310388e-01
7.667262992284024081e-01 1.196876154405690229e-01 1.135860853310285690e-01
1.001400938429662137e-02 2.415565207173414001e-03 9.875704254085300171e-01
9.568662533497683809e-01 9.456295015936443116e-03 3.367745163429519684e-02
1.355420656830885751e-01 6.470985060645881859e-01 2.173594282523231835e-01
2.406968462874022052e-01 7.262410561560643796e-01 3.306209755653340826e-02
9.593636715243507584e-01 2.000615530918697232e-02 2.063017316646225188e-02
8.838879282465010867e-01 2.311611590090455887e-02 9.299595585259430586e-02
6.778695957248876969e-01 1.290275445309209956e-01 1.931028597441913353e-01
2.529539191213425742e-01 1.341258550725006049e-01 6.129202258061567932e-01
5.439281123380821370e-01 2.116095923218168640e-01 2.444622953401008880e-01
7.643173329077416200e-01 1.786393255028764782e-01 5.704334158938197119e-02
1.677378457859663718e-01 7.611386714667457698e-02 7.561482870673591483e-01
9.695317078934618804e-01 8.700954950758151354e-03 2.176733715577994568e-02
8.321345109432191078e-01 1.331110778462903377e-01 3.475441121049056142e-02
2.765388496611845270e-02 3.711691973076775702e-02 9.352291953031137695e-01
8.181387648717282357e-02 9.227651134914036102e-02 8.259096121636868570e-01
7.362030056002747402e-01 2.145839625495519210e-01 4.921303185017335269e-02
2.929539262843988690e-02 2.900368235356857727e-01 6.806677838358743404e-01
5.886561102452633198e-01 3.005709455013979015e-01 1.107729442533387093e-01
5.832013967115144693e-02 8.588599612025642482e-01 8.281989912628441586e-02
8.570969869763630511e-01 4.300642653536983911e-02 9.989658648826708898e-02
8.837886058251170907e-02 8.726838481279044490e-01 3.893729128958389740e-02
1.189266702560639877e-01 7.865411516039783058e-01 9.453217813995772045e-02
2.719864999616797840e-01 1.931795720278656550e-02 7.086955428355335984e-01
1.617959080414050621e-01 1.060736311093308099e-01 7.321304608492641419e-01
1.886662871978294631e-01 2.279506468533811225e-01 5.833830659487894144e-01
7.307840429817026584e-02 9.240099618042247887e-01 2.911633897604951147e-03
3.033035732830237641e-01 2.003890328467720222e-02 6.766575234322990129e-01
7.453837236779587982e-01 1.939280076369662709e-01 6.068826868507498640e-02
2.847588976861260557e-01 7.055770784672258378e-01 9.664023846648196747e-03
3.302455711713283559e-01 7.814527134143744655e-03 6.619399016945278769e-01
4.157154943452554680e-02 3.716668528767825760e-03 9.547117820367067020e-01
1.610403654216221309e-02 9.794382500442264661e-01 4.457713413611337321e-03
8.193486160093514659e-02 2.977712524817936485e-03 9.150874258742469625e-01
3.667334734785880346e-01 9.797476178127827173e-02 5.352917647401337353e-01
3.059998383693498525e-01 1.965693230138873884e-02 6.743432293292613844e-01
8.271645987150183510e-01 1.455242251573995449e-01 2.731117612758214228e-02
3.238437281001914636e-01 6.425420453705457113e-01 3.361422652926274873e-02
9.107909885484382073e-01 2.993296050608955372e-02 5.927605094547237774e-02
9.884195843293611117e-02 5.449979168809002128e-02 8.466582498789739786e-01
5.717353833287938114e-01 2.511035316687244001e-01 1.771610850024818162e-01
2.842249206549082863e-01 2.393637696656442104e-02 6.918387023785274037e-01
3.522525141488886957e-01 3.170088911434146284e-02 6.160465967367697582e-01
9.142048409272257592e-01 6.022457342678473602e-02 2.557058564598951519e-02
9.649049313201455425e-01 1.306569913820632492e-02 2.202936954164808406e-02
1.783838213915677762e-01 8.047787580986244249e-01 1.683742050980780586e-02
6.590124961640801970e-01 1.842644827410618719e-02 3.225610555618136366e-01
1.198088995681732133e-01 2.738650352369010887e-01 6.063260651949256008e-01
2.902523905394435375e-02 8.432788468348243471e-01 1.276959141112312957e-01
1.761699643359024639e-02 9.209907487729241948e-01 6.139225479348561776e-02
1.425858862161395735e-01 7.556141770577605790e-03 8.498579720132828363e-01
2.929160264909841035e-02 9.590546802662518466e-01 1.165371708464965801e-02
8.419112729987052735e-01 1.138871564580877793e-01 4.420157054320703743e-02
1.384935516165565761e-01 8.341612598167763570e-01 2.734518856666719525e-02
9.729800294168445066e-03 9.898067543640031163e-01 4.634453418284336062e-04
8.384459671529476132e-01 7.513200691865430658e-02 8.642202592839812181e-02
3.747256412523613522e-01 1.356202310222263258e-02 6.117123356454160499e-01
1.233847075906654989e-01 2.451725592291991440e-01 6.314427331801353294e-01
6.846599860404366522e-01 6.602199691055350705e-02 2.493180170490098824e-01
9.850849711163838229e-01 6.620601131069370898e-03 8.294427752546705557e-03
1.057841742155544301e-02 9.846258468802329133e-01 4.795735698211768538e-03
1.690979297003191162e-01 4.943768491447449176e-02 7.814643853852063504e-01
5.670370612054263099e-02 9.197203024289415385e-01 2.357599145051594500e-02
1.310844690866689276e-02 3.403922827956356451e-02 9.528523248117695132e-01
8.136773095166846548e-02 1.389824249594990777e-02 9.047340265523815539e-01
2.838347682163605556e-01 2.888307007378750069e-02 6.872821617098519020e-01
6.425805658940016152e-02 7.353410102307936236e-02 8.622078423875204622e-01
5.059561944839612302e-01 3.720829028660739834e-01 1.219609026499648419e-01
1.141784401339827892e-01 1.308760879756191292e-02 8.727339510684551938e-01
9.328071202921971450e-01 5.751415969434989228e-02 9.678720013452987020e-03
2.249608001832070492e-01 1.105398980069536956e-02 7.639852100160976489e-01
9.109299038294490364e-03 5.654393978962145469e-03 9.852363069827434483e-01
3.979441713235371547e-01 4.222342438041195578e-01 1.798215848723433152e-01
1.942615287224414358e-02 6.472465467440718240e-03 9.741013816603151243e-01
8.626507183690113045e-02 2.979915767322598996e-01 6.157433514308390254e-01
7.302427373009795497e-01 7.954212454010223254e-02 1.902151381589180512e-01
8.984097314440707693e-01 3.893742475183251117e-02 6.265284380409670562e-02
4.857340851707852569e-01 1.998179623832898114e-02 4.942841185908858903e-01
2.562628217505165396e-02 9.623211895304237817e-01 1.205252829452466319e-02
9.101203992172169910e-01 3.138406425988512355e-02 5.849553652289798261e-02
7.245861785704330593e-01 2.470825306661786902e-01 2.833129076338828170e-02
1.187517423961892589e-02 9.557692269593335288e-01 3.235559880104744296e-02
5.981084173190472919e-01 3.769562334236315482e-01 2.493534925732103502e-02
8.476627636791965736e-01 9.781874315672947628e-02 5.451849316407397089e-02
4.068998543393032574e-01 5.880091604435278008e-02 5.342992296163439070e-01
8.052511913418952672e-01 1.592136505964159288e-01 3.553515806168901919e-02
8.181034997618625848e-01 1.115126059101736594e-01 7.038389432796363088e-02
1.588332463678026329e-01 6.233458549383275732e-02 7.788321681383646444e-01
9.912433944096077365e-02 5.117902486200487377e-01 3.890854119389904886e-01
4.176085410536374380e-03 6.170270302408532512e-04 9.952068875592227082e-01
3.425946845843627631e-01 6.331393673922410814e-01 2.426594802339610002e-02
3.515824334104514781e-01 3.356558967270524274e-01 3.127616698624960390e-01
1.152464222343601019e-01 1.894827068602730480e-01 6.952708709053668779e-01
4.186835205586514341e-01 8.148252031824196329e-02 4.998339591231065748e-01
1.602598823732880873e-01 3.239822169884709613e-02 8.073418959278647611e-01
6.440228937717654700e-01 3.460606901086821230e-01 9.916416119552488515e-03
9.435372711339606866e-01 4.066654886097682137e-02 1.579618000506258224e-02
7.781188736224612379e-01 1.329192263809180763e-01 8.896189999662071357e-02
3.509876193239529207e-02 6.671970875133481464e-03 9.582292671924711458e-01
2.533948404567328283e-01 7.380913776554784977e-01 8.513781887788620176e-03
7.770263975876322560e-01 3.975200461000456820e-02 1.832215978023631897e-01
4.510223411640597313e-02 7.259914252961447989e-01 2.289063405874492696e-01
5.179429925880989494e-01 1.655182830492820528e-02 4.655051791069729772e-01
6.723591054552175983e-01 5.740500006786908305e-02 2.702358944769132632e-01
1.526144269847329871e-01 8.883742529044656722e-02 7.585481477248204873e-01
6.366747225279769662e-01 1.279006975084274467e-01 2.354245799635955871e-01
7.943434458421013700e-01 7.867941992599113143e-02 1.269771342319075125e-01
9.794204911864082264e-02 8.949956929077091949e-01 7.062257973650135079e-03
1.873074386191867294e-02 1.032181507894528866e-01 8.780511053486285133e-01
9.546251660104871917e-01 2.189711852499889866e-02 2.347771546451389926e-02
1.328934665329693510e-01 8.497591561166981666e-01 1.734737735033252404e-02
5.636520576268703175e-01 2.802396403569113251e-02 4.083239783374386089e-01
9.690593138023150255e-01 2.681178230797588366e-02 4.128903889709191477e-03
4.569441533168560610e-01 2.555251698806358385e-01 2.875306768025082116e-01
3.811708144833032552e-01 5.641704105127844926e-01 5.465877500391230076e-02
9.441511952996155255e-02 7.902539919258340095e-01 1.153308885442044657e-01
7.877646533726070377e-01 4.995117314890867855e-02 1.622841734784844225e-01
4.241984263068063199e-01 6.539336202822831901e-02 5.104082116649653056e-01
5.684126857034719205e-01 1.675934667489437369e-01 2.639938475475842594e-01
1.242361004301452548e-01 8.202986951104963564e-01 5.546520445935827770e-02
3.690473402220108556e-01 5.285555686434886269e-01 1.023970911345003926e-01
1.406483977476815084e-01 6.422512277466901898e-02 7.951264794776495837e-01
4.201782711687016003e-01 1.745586372131136543e-01 4.052630916181847454e-01
1.156518628987592417e-01 7.441680346153721134e-03 8.769064567550869382e-01
5.350300337510003335e-01 2.835688646475003072e-01 1.814011016014994426e-01
1.996572122420274265e-01 3.769953627832778875e-01 4.233474249746946860e-01
8.472617495185073497e-03 9.238720626785039691e-01 6.765531982631103891e-02
1.147181991956575525e-01 3.503698932495725171e-01 5.349119075547699165e-01
1.312781007287013579e-01 8.376985690097145110e-01 3.102333026158407905e-02
9.873411368777625929e-01 2.815117594142270332e-03 9.843745528095105071e-03
9.435433222418424526e-01 2.204763116523279082e-02 3.440904659292473577e-02
3.561015289720607657e-01 5.751867469662584609e-02 5.863797963313133188e-01
3.448427524078540723e-02 1.923221141960738652e-03 9.635925036172539038e-01
4.658183524355191674e-01 3.251365219478281887e-02 5.016679953696979721e-01
7.283120866184159548e-01 2.237767082352229708e-01 4.791120514636098421e-02
9.373836136954347142e-02 8.838031075692602823e-01 2.245853106119640244e-02
4.356182542786850992e-02 1.310719016335640807e-01 8.253662729385674579e-01
9.778773157720248577e-01 8.951330059323031260e-03 1.317135416865190985e-02
4.933165155995553608e-01 3.867156422019654705e-02 4.680119201802481199e-01
1.632670168081102324e-01 7.834398554184378582e-01 5.329312777345186075e-02
6.189456300339305633e-02 8.547135435430418537e-01 8.339189345356513849e-02
4.993852889365508196e-01 4.485198413999180178e-01 5.209486966353114173e-02
6.725067910566520091e-01 2.397217078755481401e-01 8.777150106779985084e-02
8.082123485962752207e-01 6.577022817894016826e-02 1.260174232247846526e-01
1.985339381833050795e-02 9.716460627188436838e-01 8.500543462825920979e-03
8.151048026896886567e-01 1.399358777297228795e-01 4.495931958058835276e-02
8.337379524987982293e-01 2.741731088346866657e-02 1.388447366177330833e-01
2.780508311808519428e-01 3.923122668826469206e-01 3.296369019365010256e-01
4.287766169022261820e-01 5.210918963686562710e-01 5.013148672911751230e-02
4.429823356532196915e-02 5.491967533681778590e-01 4.065050130665001094e-01
2.071631686056076838e-01 6.624669752958372015e-01 1.303698560985551147e-01
3.973531600775857542e-01 4.279594393835129545e-02 5.598508959840630128e-01
5.573427418723375659e-01 3.630716641860389227e-01 7.958559394162348366e-02
1.666569541261684606e-01 1.053523836264482795e-02 8.228078075111866507e-01
9.050290128544229429e-01 1.326279115855244842e-02 8.170819598702470932e-02
9.303975385386494823e-01 6.301046831048383312e-02 6.591993150866636009e-03
6.716951179242490744e-01 1.852876944622638133e-01 1.430171876134871678e-01
8.504794322013951025e-01 1.037847763306133514e-01 4.573579146799158779e-02
9.545985523681406182e-01 9.473220450798720479e-03 3.592822718106066654e-02
2.019322409243884120e-01 6.852642736313270255e-01 1.128034854442845070e-01
8.943086030997741132e-01 1.412599036756609534e-02 9.156540653265990426e-02
8.872681966110878005e-01 9.011776955707005710e-02 2.261403383184212162e-02
2.020067786695924628e-01 9.833864202908586261e-02 6.996545793013215775e-01
1.360553518876544132e-01 1.607850906803919705e-02 8.478661390443065216e-01
3.007639958828201565e-01 2.927044379661669464e-03 6.963089597375181627e-01
2.027086764967145349e-01 3.118900913767851113e-02 7.661023143656069401e-01
5.961905278606710601e-01 2.187606461748943243e-01 1.850488259644346156e-01
9.003370784830174722e-01 8.187118576513649493e-02 1.779173575184617162e-02
3.610698306772082700e-01 6.097372868215813341e-02 5.779564406406335619e-01
3.001615897157924318e-01 1.284493667908945431e-02 6.869934736051180879e-01
8.669737981805611948e-01 9.398344875330290338e-02 3.904275306613597812e-02
9.601464538659683079e-01 9.418770244731398261e-03 3.043477588930019323e-02
1.137227182989103413e-01 2.524253452552228660e-01 6.338519364458667926e-01
5.624980200726675816e-01 4.149414757195273862e-01 2.256050420780506341e-02
7.235709591981042133e-01 6.597970010589318535e-02 2.104493406960025459e-01
4.831903734602857603e-01 2.916412853086621237e-01 2.251683412310520604e-01
6.966842887344496527e-01 2.811537359960197824e-01 2.216197526953061700e-02
1.547137036707243729e-01 6.491415159224150910e-01 1.961447804068606193e-01
2.044713714357908330e-01 5.755778950065355559e-01 2.199507335576735834e-01
7.505139443161484153e-03 2.129167525051381231e-03 9.903656930317871199e-01
3.319377193948329641e-01 6.037846108856332467e-02 6.076838195166036627e-01
1.278283739352205350e-01 6.327220347414184987e-02 8.088994225906377400e-01
7.432223980526690699e-02 8.445940517051766516e-01 8.108370848955648302e-02
8.437489413121589399e-01 1.253318479314358136e-01 3.091921075640524652e-02
3.206016871407904589e-01 1.196667567464827359e-01 5.597315561127268468e-01
1.400505838257393165e-01 1.375375446103974282e-02 8.461956617132210257e-01
5.013304890005599868e-01 4.234313688674712362e-01 7.523814213196870770e-02
8.852497245553542227e-01 1.100566697832259938e-01 4.693605661419773117e-03
7.813732416626800736e-02 3.388343903555061931e-02 8.879792367981813594e-01
6.623678338327003423e-02 1.157370241920536828e-02 9.221895141975245958e-01
7.409449881184592135e-01 1.455775009458884495e-01 1.134775109356524342e-01
6.736632429010869227e-01 7.586289287825324912e-02 2.504738642206598143e-01
9.401440134050759179e-01 2.597664799296502125e-02 3.387933860195919272e-02
2.005574751550185525e-02 2.992739709158037317e-03 9.769515127753400918e-01
3.041783305074833854e-01 4.405011076448810403e-01 2.553205618476355188e-01
9.751932206768731959e-02 5.179695759282681999e-01 3.845111020040444250e-01
1.022451261417322982e-01 4.543083099521026402e-01 4.434465639061650477e-01
4.499232949437025238e-03 9.847913488496170542e-01 1.070941820094587979e-02
1.803807935058092116e-01 3.135002568110726306e-01 5.061189496831182133e-01
2.108860367970065985e-01 6.589267167182020213e-01 1.301872464847914079e-01
5.383156484530763342e-01 3.869160769555585189e-01 7.476827459136514697e-02
2.897837792081322528e-01 1.074618603048928429e-02 6.994700347613785896e-01
1.065919991175221133e-02 9.720151579669435993e-01 1.732564212130424317e-02
1.347208335703886928e-01 3.141823544173551475e-01 5.510968120122562430e-01
2.590670954393144987e-01 7.256879806431811852e-01 1.524492391750423108e-02
4.871722722989930282e-02 4.322006296639302296e-03 9.469607664734613905e-01
4.319731092082170765e-01 3.376718031819433974e-01 2.303550876098395539e-01
1.463158188606550891e-01 7.814430229006581741e-02 7.755398788492791073e-01
8.859847459520999724e-01 3.073661454740728854e-02 8.327863950049253783e-02
9.612974088196064582e-01 1.694718506184786713e-02 2.175540611854553247e-02
6.070022102164580602e-01 2.719028012239211867e-01 1.210949885596207531e-01
6.392458123047094209e-02 2.060811053945605514e-02 9.154673082300730513e-01
1.571599477987286470e-02 9.727696101606716494e-01 1.151439505945561076e-02
2.779266389118940639e-01 1.774934093762642884e-01 5.445799517118417032e-01
1.109466353610962658e-01 1.717535540787882287e-01 7.172998105601154917e-01
7.065890041582549574e-02 2.908384266680066332e-01 6.385026729161679127e-01
9.111017671807056795e-01 8.330079198817731678e-02 5.597440831116912673e-03
2.012646807241021962e-01 2.477966955050975653e-02 7.739556497253879952e-01
4.594697405737347973e-01 5.131163816474769712e-01 2.741387777878818641e-02
1.063433086895282792e-01 2.182488567664710999e-01 6.754078345440006625e-01
7.569009376726575367e-01 2.144821675014506046e-01 2.861689482589199404e-02
9.921925881754117826e-01 1.648210866803342424e-03 6.159200957785000707e-03
1.994568179362878613e-01 1.065136413769587481e-01 6.940295406867533767e-01
1.825977501497617339e-01 8.109282153086527778e-01 6.474034541585491770e-03
8.742376608967650231e-02 8.328238309374424997e-01 7.975240297288102576e-02
8.801959054923415016e-01 1.022777454217886905e-01 1.752634908586982176e-02
9.986391924066195802e-01 4.826243874461755312e-04 8.781832059344538881e-04
7.370839803056476736e-02 9.237922552136600407e-01 2.499346755775317275e-03
7.798878539510077923e-01 3.865302633090405421e-02 1.814591197180881188e-01
9.442003627128660662e-03 9.884900746233710178e-01 2.067921749500253436e-03
2.060230478536238113e-02 6.242987070927392620e-03 9.731547081437101898e-01
9.818274995567513042e-01 4.569069622715135788e-03 1.360343082053352276e-02
1.879309331231012181e-01 3.092538952559840681e-01 5.028151716209147137e-01
6.934552288702177103e-01 3.919113830748246347e-02 2.673536328222999581e-01
1.816311766414898388e-01 3.453880785968547334e-02 7.838300154988248059e-01
2.624565030045608593e-01 2.637722100941528383e-02 7.111662759860237770e-01
3.217326719129413037e-01 6.294827376350905501e-01 4.878459045196813226e-02
5.808287271527395879e-01 4.090723603692518751e-01 1.009891247800847290e-02
1.992800393183333588e-02 4.050656640249558800e-03 9.760213394279171339e-01
7.597986033618279178e-01 9.631128838287546234e-03 2.305702677998846539e-01
2.549785813466276183e-02 1.076893187724556195e-01 8.668128230928815459e-01
8.058440786594173177e-02 5.184603997258812047e-01 4.009551924081770635e-01
3.463948618984809963e-02 7.162497353184823501e-01 2.491107784916695711e-01
8.517805865292514822e-01 7.191478393648192968e-02 7.630462953426658812e-02
9.058998752259391773e-01 5.816168960987778969e-02 3.593843516418295664e-02
2.380883457586881746e-01 7.277337292449155282e-01 3.417792499639619314e-02
5.753118825198413333e-01 4.182743414221693490e-01 6.413776057989409654e-03
5.649244738777845498e-01 4.331086874409375426e-02 3.917646573781217167e-01
3.987263233173911348e-02 6.183689632259297547e-02 8.982904713456678625e-01
3.896398601345091306e-01 1.306282317630137746e-01 4.797319081024770671e-01
4.001848488047067276e-01 5.718935321296356733e-01 2.792161906565755053e-02
1.542749994098087107e-01 9.495667983695740832e-02 7.507683207532338532e-01
8.110897952147579082e-02 3.842535412297960751e-02 8.804656663555446849e-01
8.861822900231852707e-01 1.537379096765133062e-02 9.844391900916334148e-02
1.771535815594681984e-01 1.492881857490869178e-02 8.079175998656231705e-01
3.915646170525916570e-01 5.890434663022604544e-01 1.939191664514786431e-02
2.228658831277273433e-01 6.935561284828000161e-01 8.357798838947268216e-02
1.598424861365187744e-01 8.322050074393632091e-01 7.952506424118044315e-03
9.487366009514118792e-01 1.735343096061255433e-02 3.390996808797561157e-02
7.871691170190527886e-01 1.697908049977389366e-01 4.304007798320840655e-02
3.394416192149690703e-01 1.247250190492368016e-01 5.358333617357941003e-01
8.882615209594239003e-01 3.839687196257861312e-02 7.334160707799747270e-02
7.891555727841197410e-01 1.833235876812455978e-01 2.752083953463465432e-02
3.071827765671342747e-01 9.504727633489877536e-02 5.977699470979670471e-01
7.601460009391864878e-03 9.806476932682018921e-01 1.175084672240633843e-02
1.240054968682160613e-01 3.638418367329947917e-02 8.396103194584845220e-01
9.995283516247879807e-02 1.864319445516512963e-01 7.136152202858699889e-01
2.451024653868882908e-01 1.032463417514643995e-02 7.445729004379653126e-01
1.567193645781070344e-02 9.798407565606855885e-01 4.487306981503573662e-03
2.330161079941293900e-01 6.719044043309643222e-01 9.507948767490626008e-02
1.242436355590921700e-02 8.781953846406675979e-01 1.093802518034231036e-01
6.029974682437477113e-02 8.981437700113221734e-01 4.155648316430299999e-02
9.531810182227746786e-01 2.302882010273889918e-02 2.379016167448654018e-02
7.108045493835853934e-01 1.356895499579654774e-01 1.535059006584490737e-01
5.727040700284272839e-02 4.017325314343558329e-01 5.409970615628014734e-01
9.455325502875250310e-02 2.202880653922148144e-02 8.834179384320260953e-01
8.764646478413389286e-01 6.846977670473587685e-02 5.506557545392520153e-02
9.227851041031901458e-01 6.474661172688928046e-02 1.246828416992059804e-02
3.403355878496805431e-01 6.537464051382204655e-01 5.918007012099057301e-03
6.583816826184702986e-01 9.406637093831572705e-02 2.475519464432138494e-01
8.469077642892967051e-01 1.397476722947365579e-01 1.334456341596675089e-02
2.289831044320150277e-01 7.626892705354967328e-01 8.327625032488133669e-03
6.057494137254487709e-01 3.069385318956461828e-01 8.731205437890518506e-02
3.265849799183264679e-01 6.634883435178782207e-01 9.926676563795285360e-03
6.014607297343815828e-01 1.136449966823179919e-01 2.848942735833002726e-01
2.091168395886598697e-01 5.806638099577836332e-02 7.328167794155617809e-01
7.918113766001935172e-01 4.891743234664288481e-02 1.592711910531635355e-01
4.078118767971706388e-02 9.412808570449551215e-01 1.793795527532786316e-02
5.682385584060612588e-02 9.266866576999895910e-01 1.648948645940439758e-02
7.375125935200008698e-01 1.594751983348753344e-01 1.030122081451237959e-01
7.438639238148833099e-01 2.321167639668991201e-01 2.401931221821746593e-02
4.565256673402515730e-01 4.736713343235180590e-02 4.961071992273966558e-01
3.851880696970078621e-01 9.340908784571548551e-03 6.054710215184205824e-01
7.243935386647472052e-01 7.131335820061063258e-02 2.042931031346421900e-01
6.052982630312264689e-01 8.159197300381802742e-02 3.131097639649554343e-01
7.864660355195343677e-02 8.771070249610056768e-01 4.424637148704087947e-02
9.114259394850605656e-01 1.583551677801376192e-02 7.273854373692564823e-02
8.573920479025668451e-01 8.045625244629539541e-02 6.215169965113774564e-02
1.570534213349505243e-02 9.818867809933319313e-01 2.407876873173041884e-03
7.500272689992235065e-02 9.191791130045242619e-01 5.818160095553486302e-03
5.869251357324194174e-02 9.981346301655005110e-03 9.313261401251031746e-01
4.766983174628844355e-02 9.301708918385479530e-01 2.215927641516363469e-02
3.269627346121383726e-01 2.058967780145510851e-01 4.671404873733105423e-01
3.861214601376927180e-01 1.600655165447565920e-01 4.538130233175506345e-01
3.204830428869159253e-01 6.252651048399858746e-01 5.425185227309824165e-02
4.482372960454349409e-01 1.612847472387228531e-01 3.904779567158422338e-01
3.106416240117947369e-01 6.628942865348509683e-02 6.230689473347200691e-01
4.076210567367474780e-01 1.045224336752748062e-02 5.819266998957249859e-01
9.375153724959116586e-01 9.803713518343177766e-03 5.268091398574507173e-02
8.516300239866481103e-01 1.318848742629858128e-01 1.648510175036606296e-02
8.840980313490708342e-01 8.651179896952312931e-02 2.939016968140614056e-02
8.898883392425576133e-01 4.853907668323975688e-02 6.157258407420262286e-02
6.254157594651528207e-01 3.238848414946848830e-01 5.069939904016221993e-02
3.692623354567258209e-01 4.630954839854077298e-01 1.676421805578664492e-01
3.161590272963129555e-01 2.788644708514727566e-01 4.049765018522142324e-01
7.451447793910895290e-02 6.478459824843045833e-01 2.776395395765864360e-01
6.736268408585868728e-02 4.546868998217819952e-02 8.871686259319632173e-01
4.631483826501450185e-01 2.177530416760933563e-01 3.190985756737614865e-01
9.890615438790265612e-01 8.253752398185614306e-03 2.684703722787925954e-03
5.175390739850221911e-01 3.008389704004903464e-01 1.816219556144875458e-01
4.321278443793493684e-01 7.063246833893940813e-02 4.972396872817111402e-01
4.070037434736539089e-02 8.159711391911433909e-03 9.511399142607231960e-01
3.260940398127732953e-01 6.578972000746394766e-01 1.600876011258714135e-02
6.873298621759822702e-02 8.166388857922918243e-01 1.146281279901100181e-01
1.778153993615203985e-03 9.780547338178147143e-01 2.016711218857011184e-02
9.387956813228863773e-01 6.209558314803651467e-03 5.499476036230985937e-02
4.099227093891928686e-02 2.118708711004826939e-02 9.378206419510324299e-01
6.334004799561161470e-01 6.109895035319937683e-03 3.604896250085639076e-01
4.639085243772258504e-01 5.243238096545795868e-01 1.176766596819467554e-02
9.691273294077679124e-01 9.242195801168593197e-03 2.163047479106350313e-02
1.741326271665260828e-01 7.804979565661283036e-01 4.536941626734557198e-02
4.379206630324013194e-02 4.787679541644728615e-03 9.514202541551151082e-01
2.459980261183986883e-01 1.425246410509361794e-01 6.114773328306651878e-01
2.311222850711305843e-01 1.933383325534755379e-02 7.495438816735218168e-01
5.403911881799633443e-01 4.202894979117136609e-01 3.931931390832308498e-02
7.650052658825984286e-01 1.591004651443297946e-02 2.190846876029686197e-01
2.060679605630753586e-01 1.648648742386125965e-01 6.290671651983120727e-01
3.859010923717044218e-03 9.948833745673086870e-01 1.257614508974166630e-03
2.777403792873888583e-02 1.656506447146351146e-01 8.065753173566260203e-01
5.873463055751666773e-02 9.264436061126102295e-01 1.482176332987313744e-02
2.672884948084885415e-01 1.184805367815380123e-01 6.142309684099734879e-01
1.019715852611652665e-02 9.877587503343463471e-01 2.044091139537359148e-03
9.347567357164477952e-01 1.011224477163260270e-02 5.513101951191962807e-02
2.251251520544989559e-01 4.967781863323179892e-02 7.251970293122692590e-01
5.082845834455865797e-01 3.716013553228305621e-01 1.201140612315828859e-01
8.254514929391632005e-01 4.320896214706056865e-02 1.313395449137762794e-01
8.390756494590421166e-01 2.180335084252483027e-02 1.391209996984329733e-01
9.913958133007914064e-01 3.953031329708423837e-03 4.651155369500275562e-03
5.626037159591464748e-02 1.433047039399381883e-01 8.004349244641471017e-01
1.061221273429698853e-01 7.989682865868790174e-01 9.490958607015106963e-02
5.033230558757489231e-02 4.163740895458176335e-03 9.455039535169668108e-01
8.291793078242558623e-01 3.722738534442189551e-02 1.335933068313222838e-01
3.789379643214192406e-01 2.553304278510512004e-01 3.657316078275294480e-01
7.593171002559071514e-01 1.296204129849779230e-01 1.110624867591149117e-01
2.522082331613726205e-02 1.605314801513553491e-01 8.142476965325075033e-01
9.997249836322716354e-02 2.675972844408856105e-02 8.732677731926842268e-01
7.456627877653194680e-01 2.076521385985771739e-01 4.668507363610340660e-02
1.365775114865578899e-01 7.851028986848405111e-01 7.831958982860164065e-02
3.818994464733738159e-01 2.514886696151342194e-01 3.666118839114919092e-01
9.203045059502287240e-01 2.991449254586132575e-02 4.978100150391001621e-02
9.600706953286941570e-01 1.331168388865091277e-02 2.661762078265500486e-02
7.494408771056552954e-02 1.837826610997084498e-01 7.412732511897260901e-01
8.948300685865571147e-01 1.826239688980812667e-02 8.690753452363481069e-02
1.590722456056642767e-02 9.792533356836526925e-01 4.839439755780867644e-03
4.924680151117039051e-02 1.368290221786441947e-02 9.370702962709652750e-01
4.843351392916949161e-01 3.151433044500301373e-01 2.005215562582749467e-01
4.467784491401812219e-01 3.196282073721025130e-01 2.335933434877163484e-01
1.547729866454205239e-01 1.094126808890264202e-01 7.358143324655531670e-01
9.762756462439879934e-01 1.532213684076801086e-02 8.402216915243936740e-03
7.084706249436167891e-02 1.782518656582069705e-01 7.509010718474313784e-01
1.613999908324572838e-02 9.684350464369245737e-01 1.542495447982978642e-02
5.644170089909830157e-01 3.032856577024370948e-01 1.322973333065797508e-01
4.812467487204560301e-01 2.036299576410609824e-01 3.151232936384830707e-01
2.056923072455799639e-01 5.032730230434057095e-01 2.910346697110143266e-01
9.377589066157956954e-02 8.773635267442262409e-01 2.886058259419418265e-02
9.483123200049611290e-01 3.041600562284122941e-02 2.127167437219769017e-02
9.632767352035345176e-01 1.654356100051871531e-02 2.017970379594670807e-02
1.451366583386215665e-02 9.841979217807322877e-01 1.288412385405431808e-03
