5.459130464709646136e-01 3.267833596286456865e-01 1.273035939003897277e-01
1.343268638911215562e-01 6.510309847332811095e-02 8.005700376355502357e-01
6.054031143940102888e-01 9.239305770886467595e-02 3.022038278971250214e-01
6.442281047136803052e-01 1.055225926204290954e-01 2.502493026658906827e-01
4.133514839907113658e-01 5.020633473964373206e-01 8.458516861285135524e-02
9.689390824843141514e-01 2.320208801131192280e-02 7.858829504373970876e-03
2.450564402536943853e-01 6.883482845613061452e-01 6.659527518499949728e-02
2.963242057194184764e-01 2.849867725953496578e-01 4.186890216852318658e-01
9.443171277994306667e-01 1.034605263473575149e-02 4.533681956583363731e-02
3.669513199854020358e-01 3.613087814487264127e-01 2.717398985658715516e-01
8.149284237797447261e-01 8.996175850445692346e-02 9.510981771579822552e-02
7.223535275514950671e-01 2.655460709117637985e-01 1.210040153674126449e-02
5.237631439665105804e-01 2.552818828957221231e-01 2.209549731377673243e-01
6.771164380391374582e-01 2.302287318860411214e-01 9.265483007482153144e-02
7.999783290890039034e-02 8.910105167496886747e-01 2.899165034141101480e-02
8.675827451618174369e-01 2.145105715734309595e-02 1.109661976808394707e-01
2.043001493793230317e-01 2.689570632835857622e-01 5.267427873370912339e-01
1.535992443911611827e-01 5.818995433177281962e-01 2.645012122911107322e-01
6.564164427162300086e-01 7.504338957599666904e-02 2.685401677077733362e-01
1.325061819263856910e-01 1.096687822169131570e-02 8.565269398519230748e-01
3.445488305239202131e-01 5.926568924090588331e-01 6.279427706702093992e-02
6.798667401499396412e-01 2.872422393549280417e-01 3.289102049513225462e-02
7.182493444575916985e-01 5.190808891910295847e-02 2.298425666233054054e-01
3.660266928810498172e-02 9.033391962925499952e-01 6.005813441934496760e-02
8.817847588299326800e-01 7.177523297807583691e-02 4.644000819199155250e-02
1.977496626410071567e-01 1.046296083178310660e-01 6.976207290411617912e-01
8.247174832447298209e-01 7.929690630115622529e-02 9.598561045411392600e-02
4.617634430625227049e-01 3.733984393531296075e-01 1.648381175843475765e-01
1.242167306222066447e-01 6.596102722423198284e-01 2.161729971354736102e-01
7.111243899621319531e-02 8.999565893042901221e-01 2.893097169949654726e-02
2.570536771491435113e-01 5.605312389927045169e-01 1.824150838581519718e-01
4.350379132562804396e-01 3.854791151286200424e-01 1.794829716150994070e-01
2.658082200078561441e-01 3.506759999222423124e-02 6.991241799999197148e-01
2.693154692555960183e-01 5.460591274014868490e-02 6.760786180042552829e-01
2.464489756094574019e-02 9.128874985065428271e-01 6.246760393251156451e-02
1.462957162472106054e-01 1.006296253557358578e-01 7.530746583970536756e-01
8.579718388563873921e-01 1.573662623583463663e-02 1.262915349077780303e-01
5.591188271339686544e-01 7.947893690576246506e-02 3.614022359602689360e-01
1.644187032850948360e-01 5.119201264844603916e-01 3.236611702304447169e-01
7.418786765018714480e-01 1.100215314599839733e-01 1.480997920381446620e-01
6.834245034961995702e-02 1.352982820052397832e-02 9.181277214498561046e-01
5.941455642763586731e-01 9.380229920473694138e-02 3.120521365189045104e-01
2.197959354005098453e-01 3.309755643841828521e-01 4.492285002153073581e-01
4.559285883128309791e-02 9.197582985090781982e-01 3.464884265963886351e-02
2.656569330345011082e-01 5.931328953941619048e-02 6.750297774260827222e-01
5.961597093800796721e-02 6.900867279098987610e-03 9.334831617828930339e-01
3.316398997684127381e-01 5.928887645382175525e-02 6.090712237777655691e-01
1.142405687136424375e-01 3.594980159257607499e-01 5.262614153605967848e-01
1.024121298298510813e-01 1.262292976492275232e-01 7.713585725209213262e-01
1.830350625226235053e-02 9.726986278951739173e-01 8.997865852563704386e-03
8.275152832134470560e-02 8.990405904066003373e-01 1.820788127205485302e-02
7.534717135628156148e-01 2.236201097640848623e-01 2.290817667309952288e-02
1.317411274103505170e-01 1.952707840174102150e-01 6.729880885722393513e-01
4.853321170120329375e-01 2.145356797544293107e-02 4.932143150125241071e-01
5.893970410794075604e-02 4.052380108511197676e-01 5.358222850409394278e-01
2.526973124633332887e-02 9.641381141556401024e-01 1.059215459802665196e-02
3.004284977051777661e-01 6.396394486386024480e-01 5.993205365621971648e-02
2.862166760088780126e-01 3.224168259080761878e-02 6.815416414003143686e-01
7.541869921041204350e-01 7.626017537788945533e-02 1.695528325179902207e-01
6.603968486050911801e-01 6.733413127382917307e-02 2.722690201210796745e-01
4.094355063356933666e-01 4.004800752273178777e-01 1.900844184369887835e-01
4.105056882798090168e-02 9.543345572457005987e-01 4.614873926318464013e-03
3.424928027225784266e-01 1.183514732054890412e-01 5.391557240719324628e-01
4.424654808844512288e-02 1.018445913904316401e-02 9.455689927725116073e-01
3.964297786270967044e-02 9.549752389658173746e-01 5.381783171473067742e-03
7.858890482046460013e-02 2.586662930616284023e-02 8.955444658733726637e-01
2.976434095334836161e-01 1.326359346749865498e-01 5.697206557915297509e-01
6.292316395882495417e-02 9.233812614664594909e-01 1.369557457471563301e-02
6.274738220591171700e-01 7.878977313286997242e-02 2.937364048080127188e-01
1.246535553122324613e-01 9.764032738657465668e-03 8.655824119491101198e-01
2.580345075431168533e-01 2.855945533816418580e-01 4.563709390752413442e-01
8.471775432846845311e-02 7.249990809473936225e-03 9.080322548620577416e-01
7.021123153151770380e-01 2.602998797625213911e-01 3.758780492230158476e-02
1.789719026121605605e-01 8.014340193651237065e-01 1.959407802271579888e-02
8.824764955224786434e-01 8.795993629906895955e-03 1.087275108476145891e-01
3.164350050679328175e-01 2.469116843009447615e-01 4.366533106311223933e-01
3.110144306930347560e-02 1.991696986302800287e-02 9.489815870676684417e-01
1.451708932089815496e-01 3.786081998984062724e-01 4.762209068926122613e-01
5.998361025755181986e-02 2.257240476554718892e-02 9.174439849769010502e-01
4.426378708658150751e-01 4.658692765195007746e-01 9.149285261468412256e-02
2.965998912226169501e-02 2.358540016130419165e-02 9.467546107164341862e-01
1.257890454154890134e-02 9.814931112980873618e-01 5.927984160363740374e-03
8.350819450168453506e-02 9.080586936536261256e-01 8.433111844689417450e-03
3.637648905780661579e-01 4.254568020743165063e-02 5.936894292145021845e-01
3.321921678693180446e-01 2.932891602698945235e-02 6.384789161036924510e-01
5.349082981879752507e-01 1.376202120073518054e-01 3.274714898046728884e-01
7.611416522473017920e-01 2.061053988737601983e-01 3.275294887893798190e-02
6.105122764713618588e-01 9.677002934038445026e-02 2.927176941882536632e-01
2.101853361257400785e-02 9.680742249907093866e-01 1.090724139671668362e-02
6.132543488643731333e-01 3.353401557932394472e-01 5.140549534238742641e-02
9.864011949047422900e-02 7.894174695643793038e-01 1.119424109451463423e-01
8.038753398588774357e-02 8.625794016574905854e-01 5.703306435662157392e-02
7.618061312026540299e-02 6.296334805789416400e-01 2.941859063007929986e-01
3.761018176611959779e-02 5.845958767921208971e-02 9.039302305546682570e-01
2.888464952713377110e-01 3.643717367970344956e-02 6.747163310489587840e-01
6.108102303323037496e-01 3.053250320225390224e-01 8.386473764515726959e-02
4.516217783581161771e-01 2.200100034149944650e-01 3.283682182268893857e-01
5.185408271049740669e-01 7.012053993979311395e-02 4.113386329552327636e-01
1.857484463088290572e-01 1.773222946588001447e-01 6.369292590323707426e-01
7.569225897505110767e-01 4.870260246571349316e-02 1.943748077837753330e-01
7.419988587867196728e-01 2.187092828097691177e-01 3.929185840351118175e-02
1.136191868236205160e-01 6.513677457331861209e-01 2.350130674431933631e-01
2.283204496987521204e-01 2.477978407412462919e-02 7.468997662271231741e-01
4.399626153453427002e-01 4.968719142531688449e-01 6.316547040148841330e-02
6.228646860484273740e-01 6.460521891591454458e-02 3.125300950356580953e-01
5.230583306748667338e-01 4.286827902498240861e-01 4.825887907530913151e-02
4.849917967840108868e-01 3.513260273126067590e-02 4.798756004847282708e-01
3.654405384272482182e-01 2.901560572282144701e-01 3.444034043445373672e-01
7.268473414200110616e-02 3.578096201761968298e-01 5.695056456818020640e-01
6.878988212460246388e-01 5.289929677574198991e-02 2.592018819782334060e-01
2.363805088255065134e-01 5.936590582397181098e-02 7.042535853505217380e-01
3.729109328983442051e-01 7.430907737075942432e-02 5.527799897308963706e-01
7.631745926479711617e-01 1.597961795310443578e-01 7.702922782098442500e-02
6.975141535192003195e-01 1.951627097428696236e-02 2.829695755065127494e-01
3.737888664401625149e-01 6.295006879848423498e-02 5.632610647613532917e-01
7.878448867619652907e-01 1.773158484289343861e-01 3.483926480910023993e-02
4.643126044696628818e-01 3.316045781222383693e-01 2.040828174080987767e-01
6.626870282246308808e-01 2.252575831773618587e-01 1.120553885980072190e-01
3.339846407986337140e-01 1.885267783353950649e-02 6.471626813678267309e-01
7.566591718092741115e-01 1.183779100236944659e-01 1.249629181670312977e-01
3.442532745982984088e-01 8.260710267108194171e-03 6.474860151345934733e-01
5.854589540955688204e-02 8.911519975618720224e-01 5.030210702857113719e-02
4.795024551028261722e-02 7.387428229361446830e-01 2.133069315535726929e-01
4.382293657653162366e-01 2.976971007552364767e-02 5.320009241591601157e-01
3.105230933461612941e-01 2.067293341960041442e-02 6.688039732342382360e-01
7.528132496807819762e-02 6.516594886671726039e-01 2.730591863647492401e-01
4.308365876666179345e-02 8.650834768912858685e-02 8.704079935442096128e-01
9.453154946709571016e-01 3.733937215273944871e-02 1.734513317630350868e-02
8.054631140047988080e-02 5.488221742860593250e-02 8.645714711709140410e-01
1.197876894377251228e-01 7.104186713183410218e-01 1.697936392439339248e-01
9.141268424827205807e-01 2.342054664771899691e-02 6.245261086956025581e-02
7.311847934642214941e-01 2.026547680165957099e-01 6.616043851918280982e-02
1.312377759850139325e-01 1.396601151163748000e-01 7.291021088986112675e-01
7.095012346517093338e-01 2.342983356872291867e-01 5.620042966106148646e-02
1.879721813003389363e-01 3.672804908558501696e-02 7.752997696140760953e-01
3.046875264435622843e-01 4.393437960163643768e-02 6.513780939548013960e-01
2.848329176995431089e-01 3.164703462281758806e-01 3.986967360722810105e-01
9.127891678394797204e-01 6.661688064471597837e-02 2.059395151580447128e-02
9.088382989496501807e-01 6.026762192845980248e-02 3.089407912189013825e-02
2.438266839215980919e-01 6.295883613888538788e-01 1.265849546895481126e-01
1.350386237251311183e-01 7.515530189536416827e-01 1.134083573212271850e-01
2.252991658272290310e-01 1.553245370837604000e-01 6.193762970890106523e-01
4.745947653837310765e-01 4.220078973425855362e-01 1.033973372736834984e-01
5.130636543699078622e-01 1.973702223918442564e-02 4.671993233909077503e-01
1.243780736986213192e-01 4.247824199112216759e-01 4.508395063901569633e-01
7.776912141962153413e-01 3.542722970615810874e-02 1.868815560976264112e-01
6.474291911181125903e-01 2.224224154940339926e-01 1.301483933878534172e-01
9.657666707394417793e-01 2.528477615254427768e-02 8.948553108013956869e-03
2.826067897838495657e-01 4.113154083599191990e-01 3.060778018562312908e-01
1.416588984994014422e-01 3.671793889101625675e-03 8.546693076114969534e-01
1.449213113232154237e-01 3.226772532601678845e-01 5.324014354166167751e-01
8.667458737200193220e-01 1.046900583446957050e-01 2.856406793528512567e-02
3.015827069510843561e-01 6.462422452015669228e-01 5.217504784734874196e-02
1.243296470610882748e-01 7.604754786753741003e-02 7.996228050713742874e-01
4.351439882010962878e-01 4.859003856191636550e-01 7.895562617974011266e-02
6.526343294018255303e-01 1.502350136865617247e-01 1.971306569116126617e-01
1.267403309271803932e-02 5.545147574856606164e-03 9.817808193324253363e-01
9.434352258682603409e-01 3.111983901970668404e-02 2.544493511203281197e-02
1.319327163136621295e-01 4.103163721103030848e-01 4.577509115760348135e-01
1.193931222444715029e-01 8.592991963990187498e-01 2.130768135650972298e-02
9.264443878804723420e-01 2.916251216351369371e-02 4.439309995601396774e-02
8.559430988647325211e-01 3.013790073297424946e-02 1.139190004022931774e-01
4.557106548993543060e-01 2.688590017413475808e-01 2.754303433592980577e-01
2.735849263225272332e-01 1.204185666415752282e-01 6.059965070358974693e-01
5.367382403556156811e-01 1.627124858557005282e-01 3.005492737886839016e-01
7.999390472396934459e-01 1.752707286467632131e-01 2.479022411354334446e-02
9.008653857868327564e-02 9.720190347576565526e-02 8.127115579455510552e-01
9.761764151335245998e-01 9.035315442764374136e-03 1.478826942371100177e-02
7.143144926279266782e-01 2.199628337684723656e-01 6.572267360360095623e-02
3.631189956805307845e-02 4.646627595214914558e-02 9.172218244797977205e-01
6.121405553678458539e-02 8.761914814915058858e-02 8.511667963140648885e-01
6.403438651886922406e-01 3.063847739690661043e-01 5.327136084224171064e-02
4.963795586606829097e-02 2.504138096900458965e-01 6.999482344438857639e-01
4.111220254665438611e-01 4.629539018650244420e-01 1.259240726684316691e-01
1.920198459364088062e-01 7.278544890130079770e-01 8.012566505058314748e-02
8.320246605924896954e-01 5.442156745349353841e-02 1.135537719540168494e-01
1.321385794581973194e-01 8.147676427539818356e-01 5.309377778782073398e-02
1.881701625710298365e-01 5.220637359780931908e-01 2.897661014508768895e-01
3.168082553696317527e-01 4.003763805307909707e-02 6.431541065772892196e-01
1.814965884169527366e-01 1.431682470868636814e-01 6.753351644961835820e-01
1.517649235869269753e-01 7.791649650114888803e-02 7.703185799119240951e-01
7.689761160436014986e-02 9.128501836669060676e-01 1.025220472873389355e-02
3.761205409051508464e-01 4.793650753510730195e-02 5.759429515597418447e-01
6.016234965554373426e-01 3.080432352202308599e-01 9.033326822433183911e-02
1.264047893961961488e-01 8.555301558822685504e-01 1.806505472153536324e-02
3.339536746713503423e-01 1.222442025814500163e-02 6.538219050705045277e-01
9.941132565123146636e-02 1.781836795918399774e-02 8.827703063895845359e-01
3.799767823735614170e-02 9.453374234628926231e-01 1.666489829975108944e-02
1.655766294551293261e-01 2.135439606963123599e-02 8.130689744752394033e-01
3.744390658902229663e-01 4.862784476764225178e-02 5.769330893421347195e-01
5.631100225345859744e-01 3.624500561317330061e-02 4.006449718522407388e-01
7.976077110414956373e-01 1.758920924640712258e-01 2.650019649443323411e-02
3.010241261214449127e-01 6.374599391625818123e-01 6.151593471597318480e-02
8.426274974789109695e-01 7.260402033760321450e-02 8.476848218348588537e-02
7.301928130353675661e-02 1.012827822750246021e-01 8.256979364214386274e-01
4.470955215539733074e-01 3.544997402810679543e-01 1.984047381649587660e-01
2.644099919392543518e-01 4.721197492691254355e-02 6.883780331338330560e-01
6.661768799478203773e-01 1.859697835019470669e-02 3.152261417019849299e-01
8.409496186983834720e-01 1.096009662738546830e-01 4.944941502776193515e-02
8.771081685432362551e-01 2.983109878588024316e-02 9.306073267088355028e-02
2.029702389471059465e-01 7.749446259370343926e-01 2.208513511585983441e-02
5.201794137014322805e-01 3.240051504767555574e-02 4.474200712508921707e-01
9.982005033002894212e-02 1.934740613298865930e-01 7.067058883400844094e-01
4.459317996572875059e-02 8.175746104517997992e-01 1.378322095824714710e-01
4.684744351653576805e-02 8.691421666317600270e-01 8.401038985170425355e-02
1.802634575421467877e-01 1.395786890187836714e-02 8.057786735559748781e-01
3.341356055232570788e-02 9.375200249028707855e-01 2.906641454480344763e-02
6.320908954030851623e-01 3.184494198759948991e-01 4.945968472092009127e-02
2.412343762832198091e-01 7.102901605593404666e-01 4.847546315743961332e-02
5.207418108460303702e-02 9.437224925789020613e-01 4.203326336494840956e-03
8.493415846518799217e-01 5.899407253908290488e-02 9.166434280903705545e-02
3.597106177832758989e-01 1.523714557677624190e-02 6.250522366399479113e-01
2.424391992050821398e-01 2.908740959996424791e-01 4.666867047952753533e-01
6.702017875119341550e-01 1.293138748277774253e-01 2.004843376602885030e-01
8.826732859184341917e-01 4.977874615275377362e-02 6.754796792881191669e-02
9.152588174855596712e-03 9.839411554544387206e-01 6.906256370705688742e-03
3.859943579542127745e-01 5.853394027236821784e-02 5.554717017734190909e-01
6.266290192178285146e-02 8.043346193207722150e-01 1.330024787574449474e-01
4.898306827242950717e-02 5.998272341117189682e-02 8.910342083163984572e-01
9.858385060289184820e-02 1.611807755183772284e-02 8.852980718452704290e-01
4.159982002362695441e-01 1.542080440267654673e-01 4.297937557369649886e-01
5.847951686734602361e-02 4.819745221600433421e-02 8.933230309166496630e-01
6.205449803514226925e-01 2.762473262435561350e-01 1.032076934050211864e-01
2.799043146407508842e-01 5.417175521766964819e-02 6.659239301415794676e-01
8.829676439906364305e-01 8.493700578359961173e-02 3.209535022576411739e-02
1.585095902195818030e-01 3.175566935873493785e-02 8.097347404216832523e-01
1.616429823993392051e-02 1.622333181105043917e-02 9.676123699490156715e-01
3.770572790706903654e-01 4.145141720086209514e-01 2.084285489206886277e-01
6.370376644176209413e-02 1.870815211891155641e-02 9.175880814393263529e-01
1.103085254627683004e-01 3.155778521717542140e-01 5.741136223654775828e-01
5.055537622265044995e-01 2.748644987105307580e-01 2.195817390629647980e-01
7.444929245980418386e-01 1.267935758184421113e-01 1.287134995835160500e-01
5.857060955253323709e-01 8.224722575353361764e-02 3.320466787211339144e-01
4.126583023759607810e-02 8.729618946872150786e-01 8.577227507518882244e-02
8.300469736914372065e-01 7.470438421843231258e-02 9.524864209013042537e-02
6.271557231060406190e-01 3.235818086805709592e-01 4.926246821338824827e-02
2.075586072991209702e-02 8.897350166384939696e-01 8.950912263159378768e-02
4.798335155903127869e-01 4.779766577077100287e-01 4.218982670197717749e-02
8.118202825214015927e-01 9.510384398931420735e-02 9.307587348928406112e-02
3.469895522730332971e-01 1.494266250372202898e-01 5.035838226897464409e-01
6.976484121052022314e-01 2.328242094454510691e-01 6.952737844934665790e-02
7.585030265002156158e-01 1.194476088396348862e-01 1.220493646601493176e-01
1.937357853981209188e-01 1.009651036636675658e-01 7.052991109382115154e-01
3.088500812058641576e-01 3.933517735032343032e-01 2.977981452909015947e-01
1.133243012464593864e-02 1.765479844527306080e-03 9.869020900308267397e-01
4.889203400434758984e-01 4.811632583153596099e-01 2.991640164116447093e-02
1.737063563579731573e-01 5.442009769900177929e-01 2.820926666520089943e-01
1.509059743622100103e-01 1.238698998020400649e-01 7.252241258357500220e-01
4.813506504380503093e-01 5.581093519450885942e-02 4.628384143674409423e-01
1.590090491882130697e-01 6.692962603606500416e-02 7.740613247757218707e-01
7.328325182338447652e-01 2.331007441564265925e-01 3.406673760972857290e-02
7.892961060228126380e-01 1.581311893970850924e-01 5.257270458010244313e-02
7.130495954559638028e-01 1.054430332486392813e-01 1.815073712953968743e-01
1.048087523390469067e-01 2.861108950246673069e-02 8.665801581584863245e-01
1.259916365397505400e-01 8.506203324141117239e-01 2.338803104613777079e-02
8.258993510748592337e-01 4.356501678322572541e-02 1.305356321419151033e-01
5.750306950565364783e-02 6.220641094319606657e-01 3.204328210623856865e-01
7.299359751158788212e-01 1.775890668518107993e-02 2.523051181989400260e-01
6.108870874410697871e-01 7.425251313045028168e-02 3.148603994284799867e-01
1.132610085491724677e-01 7.684151872812308715e-02 8.098974727227044035e-01
3.801892698423867678e-01 2.708819944741285846e-01 3.489287356834847587e-01
7.861869697546225444e-01 8.476125774363046927e-02 1.290517725017470696e-01
3.018047406726897530e-01 6.799480375361947049e-01 1.824722179111551087e-02
9.307609140769389222e-02 2.824820106833983990e-01 6.244418979089078059e-01
8.884285802114347819e-01 7.764738885862150497e-02 3.392403092994372704e-02
1.509555764001466738e-01 8.078094871048550063e-01 4.123493649499845176e-02
5.930149933573480858e-01 4.780161886835111729e-02 3.591833877743008108e-01
8.959255836603069456e-01 8.723973839393310559e-02 1.683467794576015003e-02
5.441784778125323685e-01 1.771846948447672876e-01 2.786368273427003439e-01
1.796186594758989730e-01 7.823398929499741916e-01 3.804144757412681460e-02
1.227416782562118225e-01 7.724094144093471836e-01 1.048489073344410077e-01
6.778814448848886620e-01 1.319846622680521109e-01 1.901338928470591438e-01
3.419342166542935213e-01 7.724683606148466386e-02 5.808189472842217871e-01
4.410749907246973578e-01 2.543739734532113328e-01 3.045510358220912539e-01
7.090170004678407467e-02 8.955533871953701430e-01 3.354491275784569210e-02
2.956621802035634961e-01 4.870355696220965425e-01 2.173022501743400170e-01
2.437409813716854001e-01 7.215146319878359971e-02 6.841075554295309447e-01
7.668385321718479419e-01 1.034128714436343965e-01 1.297485963845175505e-01
1.045569065378343931e-01 3.661889602884677020e-02 8.588241974333188367e-01
3.139416962500951036e-01 5.847834356023596802e-01 1.012748681475451745e-01
1.914352491851851745e-01 2.198482357211684890e-01 5.887165150936463087e-01
3.632947683979769610e-02 8.304645219531145983e-01 1.332060012070877264e-01
1.823254442915604179e-01 5.266804795174599985e-01 2.909940761909796114e-01
1.302236208881023261e-01 8.401074038180790238e-01 2.966897529381870915e-02
9.635635693508444177e-01 1.091837512966759884e-02 2.551805551948797129e-02
9.111818852650568346e-01 3.944774388637325296e-02 4.937037084856994718e-02
3.147360622285768073e-01 8.087766283263655986e-02 6.043862749387866051e-01
2.794583940461861649e-02 3.764877273308369233e-03 9.682892833220730910e-01
3.609132446218177859e-01 7.435519565912800111e-02 5.647315597190541991e-01
5.158585939870690140e-01 3.710732309848827071e-01 1.130681750280482512e-01
1.289714011853159981e-01 8.122270309293270207e-01 5.880156788535685630e-02
2.128958638242426926e-01 1.255566379737886040e-01 6.615474982019686756e-01
9.133988818488996131e-01 1.723372255482586227e-02 6.936739559627461138e-02
4.225239626122299086e-01 5.017355802053934111e-02 5.273024793672307364e-01
1.844130085599542945e-01 7.769064450892246843e-01 3.868054635082091713e-02
9.138388885039008813e-02 7.673169153507387596e-01 1.412991957988710412e-01
4.338356053216290698e-01 4.630163422058524714e-01 1.031480524725186254e-01
6.476630748352288913e-01 3.151758226770525750e-01 3.716110248771857527e-02
7.640414128496897384e-01 5.245205668412677297e-02 1.835065304661835373e-01
2.253746332493675175e-02 9.496042296236687497e-01 2.785830705139469288e-02
6.512260525123060306e-01 2.589885573596255042e-01 8.978539012806853459e-02
6.595391118162775568e-01 5.256693746495273711e-02 2.878939507187698310e-01
1.307862995727657740e-01 5.732213432251499485e-01 2.959923572020843330e-01
4.556892989991774279e-01 4.406162946253835977e-01 1.036944063754389883e-01
1.701479518071951913e-01 4.783888675187444872e-01 3.514631806740604048e-01
9.582863875565739153e-02 7.896493121596982467e-01 1.145220490846443201e-01
3.754735820709133032e-01 4.102286062280868784e-02 5.835035573062780090e-01
4.505366159962088668e-01 3.641182713830015683e-01 1.853451126207896205e-01
1.753066722965135882e-01 1.848585084024808450e-02 8.062074768632382371e-01
7.326330029047483094e-01 6.166719033607416522e-02 2.056998067591774282e-01
8.512562745484723026e-01 1.387483336655357391e-01 9.995391785991946179e-03
5.547100354417462409e-01 3.232289314910817835e-01 1.220610330671720867e-01
8.597555272430010831e-01 9.766646628204328495e-02 4.257800647495568053e-02
8.135093524751058069e-01 2.213096600133779290e-02 1.643596815235563169e-01
1.981413609632375339e-01 4.793148751200781987e-01 3.225437639166842119e-01
8.715370959276413920e-01 2.676278801528237175e-02 1.017001160570763091e-01
8.281848702245719895e-01 1.093447976381189540e-01 6.247033213730916051e-02
2.477514740217049705e-01 1.179483506583150765e-01 6.343001753199798420e-01
3.097797071764735177e-01 4.173278422886248645e-02 6.484875085946639750e-01
4.510098241383417306e-01 6.454747063719519506e-03 5.425354287979388124e-01
2.112276137646588448e-01 4.047827216910013237e-02 7.482941140662410229e-01
5.200253768769221852e-01 2.134686139510457714e-01 2.665060091720320434e-01
9.050227267609780579e-01 6.654487411522314044e-02 2.843239912379889184e-02
3.946924046726715263e-01 9.216134026312450267e-02 5.131462550642039711e-01
4.940782883551430027e-01 6.617372072016014517e-02 4.397479909246970187e-01
9.011341496273209684e-01 7.341312950690392913e-02 2.545272086577506088e-02
9.353785265828646889e-01 3.012228288363510281e-02 3.449919053350015974e-02
1.753447186410937997e-01 2.145180074445770801e-01 6.101372739143290369e-01
7.897710688673406088e-01 1.749617645476764516e-01 3.526716658498298823e-02
6.459618996596716567e-01 1.333476623883331491e-01 2.206904379519951664e-01
2.449511966258318130e-01 4.637336029742449850e-01 2.913152003999232575e-01
7.420649013694552432e-01 2.208441192125200347e-01 3.709097941802484005e-02
2.500081610223060524e-01 6.116816468906745019e-01 1.383101920870194734e-01
2.337651515483410714e-01 4.481832085803007515e-01 3.180516398713582049e-01
2.104971386021651028e-02 3.425493570595261952e-03 9.755247925691881150e-01
3.026087025339280756e-01 9.524469650538697207e-02 6.021466009606849523e-01
1.911166255224055199e-01 1.502175517070672706e-01 6.586658227705272095e-01
9.118717468111581237e-02 7.884908751980145292e-01 1.203219501208696307e-01
6.009632104201999558e-01 3.548367780202751343e-01 4.420001155952490990e-02
3.917971827357058512e-01 1.158964210015586138e-01 4.923063962627355350e-01
1.325871743668673164e-01 1.209092167590597108e-02 8.553219039572267368e-01
6.479254562823838492e-01 2.898143125069678749e-01 6.226023121064822724e-02
8.964518449474372375e-01 9.562352699913505283e-02 7.924628053427888383e-03
7.547281338416089724e-02 5.973764383090161140e-02 8.647895427849374705e-01
1.019246713329327730e-01 3.737111412510332048e-02 8.607042145419638857e-01
8.650831263161055107e-01 7.271892190683523771e-02 6.219795177705922384e-02
6.286002351472457228e-01 1.146363462650088760e-01 2.567634185877455399e-01
9.411602842369239941e-01 2.272233426087278893e-02 3.611738150220326904e-02
5.207853119121871183e-02 1.156769063675131860e-02 9.363537781720300268e-01
4.140465898347615581e-01 3.494992798026438363e-01 2.364541303625946611e-01
1.149515262536715682e-01 5.514112234597844386e-01 3.336372502865438405e-01
7.673017902554053749e-02 1.714093213519765901e-01 7.518604996224828030e-01
3.026882534541619832e-02 9.349248852382635588e-01 3.480628941632023243e-02
1.065988819431743090e-01 2.307123349157163827e-01 6.626887831411092389e-01
7.597177223794261691e-02 6.655903426747037388e-01 2.584378850873536582e-01
7.913447493768612784e-01 1.320055749586734606e-01 7.664967566446521940e-02
2.271902396827116810e-01 4.080204993692773674e-02 7.320077103803604990e-01
2.606337679000247237e-02 9.430345756517466427e-01 3.090204755825106536e-02
2.439633995756851359e-01 1.897429021601143573e-01 5.662936982642003958e-01
2.362504927210951344e-01 7.282287137109355601e-01 3.552079356796929849e-02
1.046172810832395883e-01 4.219448552306568311e-03 8.911632703644538633e-01
2.185794994456992102e-01 4.886331797438725477e-01 2.927873208104284086e-01
5.107970179568172703e-02 3.766558351170121860e-02 9.112547146926170960e-01
7.009948662879188497e-01 6.097407729548266070e-02 2.380310564165983855e-01
9.401717560145844699e-01 2.942974546890305548e-02 3.039849851651254403e-02
5.641761721595565104e-01 1.241609068253936715e-01 3.116629210150497764e-01
1.631943536580338361e-01 3.567364335916783924e-02 8.011320029827982969e-01
2.820899846119880386e-02 9.548236413540716061e-01 1.696736018472955534e-02
3.896531642607986567e-01 3.265028691342791167e-01 2.838439666049221710e-01
1.689215603528903820e-01 3.443627297670309728e-01 4.867157098800787840e-01
1.154138032031001987e-01 1.774576059904521275e-01 7.071285908064476322e-01
7.864012000750473241e-01 2.017859267445852867e-01 1.181287318036737533e-02
1.712014463476450865e-01 1.917556635408531468e-02 8.096229872982695364e-01
3.804607864044920462e-01 5.814685336853450126e-01 3.807067991016289954e-02
1.139909743934642561e-01 1.998789720689566618e-01 6.861300535375790544e-01
7.545265622639484304e-01 2.089135005246415822e-01 3.655993721141015396e-02
9.550627575811776460e-01 9.507228694074339181e-03 3.543001372474802180e-02
3.704742913262047965e-01 1.649178273928115501e-01 4.646078812809837921e-01
5.535194132702746517e-01 4.174248887229373706e-01 2.905569800678800899e-02
1.490673948310904662e-01 7.147786177602383217e-01 1.361539874086712676e-01
8.044530617855392141e-01 1.579021974733442191e-01 3.764474074111662932e-02
9.903396567136720785e-01 4.131108063221371370e-03 5.529235223106463391e-03
1.159945222204323279e-01 8.793770253994809272e-01 4.628452380086738038e-03
5.665436344351175713e-01 5.839078283405045589e-02 3.750655827308319590e-01
1.568839279233783315e-02 9.743565934805186179e-01 9.955013727143378899e-03
3.807025509346185360e-02 8.907223532922239895e-03 9.530225213736158718e-01
9.707890717097932276e-01 6.654685266738531897e-03 2.255624302346811993e-02
1.451653960608343674e-01 2.335346046519975183e-01 6.212999992871680588e-01
6.352372973652673505e-01 1.116248988849333074e-01 2.531378037497994393e-01
1.769696714557310036e-01 1.021959650328923136e-01 7.208343635113767522e-01
2.637793319730467045e-01 3.946514048118816842e-02 6.967555275457650854e-01
2.824700367740291540e-01 6.582355123244758577e-01 5.929445090149507158e-02
4.809559304348333120e-01 5.020367027946359695e-01 1.700736677053073936e-02
2.066368880186346749e-02 1.507192892932487580e-02 9.642643822688117261e-01
6.340088963762461338e-01 5.245594144131944525e-02 3.135351621824344903e-01
4.515409890064128740e-02 3.328546768255334909e-01 6.219912242738251384e-01
2.339860096194710803e-01 4.226315396878227437e-01 3.433824506927062870e-01
3.882735428861752713e-02 7.220791380896324219e-01 2.390935076217501065e-01
7.132241660045572917e-01 1.174928220773414217e-01 1.692830119181013560e-01
9.035366985051809241e-01 5.992583555157857123e-02 3.653746594324068508e-02
2.814388573351510048e-01 6.782964042664519910e-01 4.026473839839696950e-02
3.756402075485909542e-01 5.886564602892535580e-01 3.570333216215561267e-02
5.771948040928820411e-01 4.732470640215612895e-02 3.754804895049618230e-01
7.401742680441569799e-02 9.257562461092849748e-02 8.334069485846559155e-01
5.466048173973889757e-01 2.047381518692528712e-01 2.486570307333581809e-01
5.043189059734709545e-01 4.499493873704697444e-01 4.573170665605935659e-02
2.198912023459347609e-01 2.710198355309388907e-01 5.090889621231263762e-01
8.997423486477498789e-02 6.177399197472472486e-02 8.482517731605002664e-01
6.583528725802348935e-01 1.125018582826288610e-01 2.291452691371362316e-01
1.480683859209031561e-01 4.162998828440305638e-02 8.103016257946938916e-01
2.934173825943179326e-01 6.399609043690281940e-01 6.662171303665383182e-02
1.956028494355279423e-01 6.690558753145678939e-01 1.353412752499042748e-01
3.275279914196970732e-01 6.416035207108043981e-01 3.086848786949856344e-02
8.342748890724906996e-01 6.858021618383403073e-02 9.714489474367528354e-02
6.745259943106695077e-01 2.484555982125044027e-01 7.701840747682600630e-02
4.530116510855907719e-01 8.773052513436405131e-02 4.592578237800450935e-01
8.355031016976977032e-01 3.401938746440606037e-02 1.304775108378962711e-01
7.484684629166935554e-01 1.953073969216667927e-01 5.622414016163973516e-02
3.449037548335945891e-01 8.246294746695820299e-02 5.726332976994471524e-01
1.035213117177605918e-02 9.728884465205135390e-01 1.675942230771050936e-02
1.810440015178482187e-01 4.385192310894671375e-02 7.751040753732050259e-01
2.397147692590035906e-01 4.103206573160115278e-01 3.499645734249849927e-01
3.463322966592634056e-01 2.062891923045613585e-02 6.330387841102804725e-01
8.919983874038907301e-02 8.966979903463911938e-01 1.410217091321964988e-02
1.673054822581359347e-01 7.855526203149721942e-01 4.714189742689188500e-02
5.170977164082175837e-02 4.671090122656088583e-01 4.811812160935693417e-01
9.604772221222673823e-02 7.874501787579770706e-01 1.165020990297962189e-01
9.036933199053563959e-01 2.546736351877082818e-02 7.083931657587273778e-02
8.167387183845598031e-01 1.006731276058332875e-01 8.258815400960699271e-02
7.923421597776253433e-02 6.889072538435792037e-01 2.318585301786583730e-01
2.354847856956406027e-01 3.836507310223194467e-02 7.261501412021275081e-01
8.491423945774961846e-01 5.007563009531524473e-02 1.007819753271886332e-01
7.754645923211045400e-01 1.890231865325787408e-01 3.551222114631662208e-02
4.513676822437007186e-01 5.254716657107209032e-01 2.316065204557836085e-02
5.007019970131432185e-01 1.826451486309795536e-01 3.166528543558772557e-01
7.527114138037682700e-01 2.256464844494554811e-01 2.164210174677610315e-02
4.013288996630519634e-01 5.379575299244861997e-01 6.071357041246178837e-02
4.785845957408355056e-01 4.426564927073079470e-01 7.875891155185645032e-02
5.420328280171822222e-01 4.390449316911340660e-01 1.892224029168375343e-02
5.261296779669420998e-01 8.765778173346731872e-02 3.862125402995905121e-01
1.399964043892236443e-01 7.002769784247810103e-02 7.899758977682983518e-01
8.682097822785114216e-01 4.773211341795318557e-02 8.405810430353538587e-02
2.922656763098478369e-02 9.520231697386020153e-01 1.875026263041322180e-02
5.257605714057236868e-02 9.348766314121019771e-01 1.254731144732568020e-02
7.387459611519294755e-01 1.545003544106350046e-01 1.067536844374355059e-01
7.043146327458651434e-01 2.496096570164170192e-01 4.607571023771789981e-02
3.049457514112389189e-01 2.814288447538187618e-02 6.669113641133791459e-01
2.685897433640578869e-01 2.044121431064395075e-02 7.109690423252982283e-01
6.753633788859162435e-01 1.076733515344498182e-01 2.169632695796339383e-01
5.281436325971533563e-01 7.939863289737560115e-02 3.924577345054710564e-01
1.473443622606807335e-01 7.626926878259748799e-01 8.996294991334431723e-02
8.795066714896395688e-01 3.084645874834726631e-02 8.964686976201328983e-02
7.583174354913948534e-01 9.824720675142957493e-02 1.434353577571755300e-01
7.638374088929762717e-02 9.096922479869141709e-01 1.392401112378828347e-02
1.993948606357608677e-01 7.821841142872141273e-01 1.842102507702500155e-02
1.621051039949245043e-01 6.069149973459675440e-02 7.772033962704786303e-01
4.806830107887857112e-02 8.960242401883932173e-01 5.590745873272828098e-02
3.413758760315812046e-01 1.902594116957582737e-01 4.683647122726604661e-01
6.759086201912397618e-01 1.401133940427420621e-01 1.839779857660181484e-01
4.454166706795454345e-01 4.591422318009041326e-01 9.544109751955041909e-02
3.480426084713562629e-01 2.411770728097954175e-01 4.107803187188482918e-01
4.824572461598275464e-01 1.196500634293430759e-01 3.978926904108293083e-01
3.399227773083961512e-01 4.587465408012219442e-02 6.142025686114815919e-01
8.887163116190950340e-01 1.605101826047421881e-02 9.523267012043090674e-02
7.108285096476203435e-01 2.506924878503002385e-01 3.847900250207939715e-02
9.001222503452281920e-01 4.884656956695488522e-02 5.103118008781683951e-02
7.510987741852908073e-01 1.456079227386827546e-01 1.032933030760264659e-01
3.376330577211317796e-01 5.392573330496505113e-01 1.231096092292177230e-01
2.553192732375783591e-01 5.655717551794342546e-01 1.791089715829873863e-01
4.464070924104838745e-01 1.633136020335068384e-01 3.902793055560094260e-01
1.235022258590468131e-01 5.317503581635674159e-01 3.447474159773857294e-01
1.839433922751257111e-01 2.318865698728158897e-01 5.841700378520584547e-01
3.180241679822623513e-01 1.771768671380287430e-01 5.047989648797088780e-01
9.545478870187565912e-01 3.675076492862280192e-02 8.701348052620815066e-03
4.456136600575589246e-01 3.855564234286134040e-01 1.688299165138276714e-01
4.095089989387985518e-01 2.311557086505830749e-01 3.593352924106185120e-01
6.787016949308788405e-02 1.323893566413462952e-02 9.188908948427775281e-01
6.464080167337669103e-01 3.049750801491153407e-01 4.861690311711783924e-02
1.814107026044387561e-01 5.420775297585921360e-01 2.765117676369691635e-01
6.373818023392319176e-03 9.736895264799009242e-01 1.993665549670666989e-02
8.676028828860582465e-01 1.731798874776456151e-02 1.150791283661771053e-01
1.515003491976291694e-01 1.745521707265456912e-01 6.739474800758251671e-01
4.776533458494937601e-01 2.807221159727733145e-02 4.942744425532289987e-01
4.614037290629622312e-01 5.150425804562399623e-01 2.355369048079768504e-02
8.172759668066171823e-01 1.256240868557621237e-01 5.709994633762076333e-02
2.016740827384401469e-01 7.705743510376237282e-01 2.775156622393597922e-02
1.132883110667184390e-01 1.903857958547316293e-02 8.676731093478083912e-01
3.099235970522595807e-01 8.975205399046658206e-02 6.003243489572738234e-01
3.146328020377690549e-01 3.939832445788634535e-02 6.459688735043446206e-01
6.426847945435278930e-01 2.075954377133656381e-01 1.497197677431063578e-01
6.416970096650039812e-01 3.970218221676419246e-02 3.186008081182318263e-01
3.926953457630164568e-01 1.433198509807745713e-01 4.639848032562090552e-01
2.958137137621493634e-02 9.560809944684205419e-01 1.433763415536448531e-02
2.772895781130712417e-02 1.987427907523712511e-01 7.735282514363215345e-01
7.062557428406862625e-02 9.122175402812680023e-01 1.715688543466337146e-02
3.244949296757606572e-01 1.100667584277195132e-01 5.654383118965198296e-01
5.873498090827741769e-02 9.312457155145138499e-01 1.001930357720882091e-02
8.430389108295431866e-01 2.702789028975071187e-02 1.299331988807060634e-01
3.708608990804062033e-01 9.593801758143682967e-02 5.332010833381568560e-01
4.095047515272804972e-01 4.930654254719976093e-01 9.742982300072190738e-02
5.896635403446301993e-01 1.658477171538355333e-01 2.444887425015342397e-01
8.897274221384532389e-01 2.774587288709096794e-02 8.252670497445568909e-02
9.522488548824661336e-01 2.178953911992525042e-02 2.596160599760869575e-02
1.244104341789256107e-01 1.639219703489947777e-01 7.116675954720796948e-01
7.812002811599084995e-02 8.589339988953542671e-01 6.294597298865481361e-02
1.913223096474907792e-01 7.828420713219074942e-03 8.008492696392901511e-01
6.286372511996779489e-01 4.822504423991257061e-02 3.231377045604095222e-01
3.771010864230728843e-01 2.858729245644689443e-01 3.370259890124582824e-01
5.245632781921112375e-01 2.418859853762050927e-01 2.335507364316836698e-01
1.706717179421226582e-01 2.179661399567206226e-01 6.113621421011566914e-01
1.066847049287033139e-01 2.439046595433765063e-02 8.689248291169588967e-01
7.884071939159675857e-01 1.610893009400027331e-01 5.050350514402967422e-02
6.453758935019701659e-02 8.721921065946502960e-01 6.327030405515265965e-02
5.809514759819544016e-01 1.883642472002907409e-01 2.306842768177548852e-01
7.846739846517490902e-01 9.916518990296142866e-02 1.161608254452893146e-01
9.366722096650705875e-01 2.489605065319417179e-02 3.843173968173518862e-02
2.182402357789217373e-01 4.342554207801206934e-01 3.475043434409576526e-01
8.371725480613746440e-01 4.204465464302808986e-02 1.207827972955971968e-01
1.661484822805340059e-02 9.707320046924639012e-01 1.265314707948277974e-02
4.182230837644366345e-02 3.079008635720577661e-02 9.273876052663505565e-01
3.708705991857342288e-01 4.853659998695941669e-01 1.437634009446717154e-01
6.214457477091711590e-01 2.022292390333835232e-01 1.763250132574452622e-01
1.105088989762993967e-01 5.210658709323461035e-02 8.373845139304659790e-01
9.393873944876236504e-01 2.268057146201591170e-02 3.793203405036044140e-02
1.306373217730756042e-01 3.254752102854093776e-01 5.438874679415149904e-01
3.335742573338676409e-02 9.413578814102732117e-01 2.528469285633982294e-02
3.727060279350812855e-01 4.467483545592583205e-01 1.805456175056603108e-01
5.344347972614422737e-01 1.138342548664915410e-01 3.517309478720662685e-01
1.445732001335702233e-01 7.797052172662775060e-01 7.572158260015231235e-02
1.492637434967291066e-01 7.983225778936493544e-01 5.241367860962161535e-02
8.623672454049075009e-01 6.925592980309143443e-02 6.837682479200098140e-02
9.309314007867675045e-01 2.924206029363052295e-02 3.982653891960193093e-02
5.124228253895764945e-02 9.414307404886975705e-01 7.326976972344716697e-03
