8.878600826644661437e-01 9.963950146307248845e-02 1.250041587246134012e-02
2.598074539226614011e-03 8.743119284930530710e-04 9.965276135322803652e-01
6.296099420670121516e-01 2.415246868723884208e-02 3.462375892457488780e-01
1.232234359248766953e-01 9.235180660005967365e-03 8.675413834151173287e-01
3.673782752512356753e-01 6.317574716330836004e-01 8.642531156807344624e-04
9.968060516002739124e-01 6.542545448076968412e-04 2.539693854918387804e-03
5.667632842041745445e-01 3.302768448600252316e-01 1.029598709358003628e-01
8.307588343076441340e-02 3.966954051925521835e-02 8.772545760499804723e-01
9.199293343946656210e-01 2.236093393342246990e-03 7.783457221199233111e-02
1.719643387016263000e-02 2.026474776979684533e-01 7.801560884318688993e-01
9.830091852001705544e-01 2.207709788397794017e-04 1.677004382098969126e-02
5.173146557282791713e-01 4.697391918737236494e-01 1.294615239799714636e-02
1.038580042763052047e-01 8.953675405404344367e-01 7.744551832604344536e-04
4.734552234917339675e-01 4.888984039966989270e-01 3.764637251156727205e-02
5.796632535332332629e-03 9.918692578465153620e-01 2.334109618152433330e-03
9.995807253369426437e-01 4.173487129056719985e-04 1.925950151771852820e-06
1.473484186620794001e-01 7.446915368595716789e-01 1.079600444783489904e-01
3.893041240705255937e-03 9.383848684682268848e-01 5.772209029106785405e-02
6.783996354736167023e-01 9.285755057347376551e-02 2.287428139529094073e-01
7.357811799547292475e-02 5.342629822007353377e-05 9.263684557063069924e-01
2.355432238920483201e-01 7.493550271859776846e-01 1.510174892197393981e-02
7.017822836531133479e-01 2.968715138370990325e-01 1.346202509787692864e-03
3.654357198737063217e-01 2.329520503461424857e-04 6.343313280759476092e-01
8.411082838869372033e-04 9.953179768033370012e-01 3.840914912776020526e-03
9.702262619870120064e-01 2.603077464393505763e-02 3.742963369052916892e-03
1.759080451611920448e-02 1.183664299198906172e-01 8.640427655639901783e-01
9.934651604593435215e-01 3.860217025375012410e-03 2.674622515281334725e-03
1.923868542722767527e-02 9.629556558901951613e-01 1.780565868257715650e-02
3.956469357863352798e-02 7.791841560755278229e-01 1.812511503458386353e-01
2.587103593866606384e-03 9.927066582109903559e-01 4.706238195143017805e-03
6.447920713985100249e-02 9.293243427750979002e-01 6.196450085051123310e-03
8.874319067109542880e-01 3.849654031284353156e-02 7.407155297620234002e-02
3.394599878393903284e-04 5.713125380935313833e-05 9.996034087583511862e-01
1.339890807372085685e-02 2.230776129329806266e-03 9.843703157969494466e-01
7.814534111752236304e-05 9.998154312387959042e-01 1.064234200867081705e-04
2.656467235232685686e-01 3.382504172348314575e-01 3.961028592418998628e-01
9.623169398896066484e-01 1.156107386660364979e-02 2.612198624378966189e-02
8.375325398366718910e-02 9.590643892355617825e-04 9.152876816270971716e-01
1.648996070731556240e-01 1.450960622510030773e-01 6.900043306758413264e-01
9.775110894791498861e-01 2.018697518667442181e-02 2.301935334175769701e-03
6.617243702503851077e-01 8.409995237393943016e-03 3.298656345122208400e-01
5.874831524530331750e-01 8.579977144707902695e-03 4.039368704022588408e-01
2.763087452902192043e-01 3.786620048890039780e-01 3.450292498207768177e-01
7.445774492244117485e-04 9.991807018752363323e-01 7.472067553914345315e-05
6.798884420493495062e-01 9.550892004561144927e-03 3.105606659460892760e-01
8.194367067376149075e-03 1.141642681898379129e-03 9.906639902507253792e-01
7.742423141519784169e-01 3.553919756275626110e-04 2.254022938723941327e-01
4.428439150798989948e-02 8.284191022764121337e-01 1.272965062155979876e-01
7.847811375154048474e-02 7.009347545572093118e-04 9.208209514939024176e-01
1.375657877888519223e-03 9.986236652192859165e-01 6.769028258183895854e-07
1.796520272094265930e-02 9.812687371477549769e-01 7.660601313024188556e-04
1.363498175432653614e-02 9.858556717100775968e-01 5.093465355960059534e-04
8.557057786694214838e-03 3.741847520062979628e-03 9.877010946932428537e-01
6.441334968952139306e-01 8.030180514714053053e-05 3.557862012996390044e-01
1.152518340652858297e-02 3.721748851843806327e-01 6.162999314090907843e-01
8.656991483222622888e-04 9.991326984131442268e-01 1.602438533574280947e-06
3.887122239792702161e-02 9.497114123252641260e-01 1.141736527680889228e-02
2.044701327408041114e-01 3.022590279993413870e-02 7.653039644592617430e-01
8.968938730476397891e-01 1.211679042866154084e-02 9.098933652369847747e-02
5.409083123673175120e-01 1.653267750561088489e-01 2.937649125765736113e-01
1.445636739554562455e-01 3.642850965737535196e-01 4.911512294707902626e-01
1.377622599963579213e-02 9.862237684944521465e-01 5.505912087321193855e-09
6.961746647016153755e-02 7.153660819444868785e-03 9.232288727103935555e-01
1.734137054572572056e-01 6.027365829216925345e-05 8.265260208844507073e-01
4.019144947014962645e-03 9.959716395920148457e-01 9.215460970078744193e-06
2.653463923863782353e-03 2.760222831164677038e-02 9.697443077644893883e-01
1.551690554363188874e-02 5.447244509982347678e-05 9.844286220112682395e-01
4.133880865841041375e-04 9.988126934043184413e-01 7.739185090976004062e-04
7.854707719719222769e-01 3.216438309139205837e-02 1.823648449366856161e-01
5.722189404926607548e-01 5.886320468319677858e-07 4.277804708752923624e-01
6.059807533562733273e-01 1.061356759351310547e-01 2.878835707085954931e-01
3.062633381378191202e-02 2.989478537405610846e-04 9.690747183324776026e-01
4.095775303563553016e-01 5.582546903643473835e-01 3.216777927929736353e-02
3.438357210246598128e-02 9.656076446583556905e-01 8.783239178243612243e-06
9.468791417305799651e-01 6.978723421547260901e-04 5.242298592726536699e-02
6.352400622146431308e-01 1.968285641938961883e-02 3.450770813659672642e-01
3.539813704743034490e-03 3.368360250053759557e-05 9.964265026927564550e-01
2.776944636296345137e-01 5.720371660557735938e-01 1.502683703145918370e-01
3.044659073358321061e-03 1.451265446349847142e-04 9.968102143820067873e-01
6.244036774757902863e-01 3.744866401992597571e-01 1.109682324949965446e-03
1.083934874074617312e-03 3.621862605382548343e-04 9.985538788653871567e-01
5.076596345829636906e-04 9.989922656745873208e-01 5.000746908297897322e-04
1.657257337807120992e-02 9.832478380672828866e-01 1.795885546459476622e-04
1.815584754042557369e-01 1.136664306982172225e-03 8.173048602887621472e-01
2.955030103828097388e-01 6.292088482921193160e-02 6.415761047879783296e-01
5.010587322948807376e-01 8.537865283504552250e-04 4.980874811767688204e-01
7.720878988765634832e-01 2.249818167789599532e-01 2.930284344476467764e-03
2.714144036330305432e-01 6.893479961907078568e-01 3.923760017626164165e-02
1.353315673288667991e-03 9.986434071473773155e-01 3.277179334126751215e-06
9.232420662455479432e-01 7.618837816388442097e-02 5.695555905675379242e-04
5.327609285120250837e-02 8.425440854743087016e-01 1.041798216744888178e-01
1.066714269971386249e-02 9.815457673872965971e-01 7.787089912989604568e-03
9.343139313792128697e-02 8.126582656722187714e-01 9.391034118986003876e-02
3.981465449427152616e-03 5.750668959130710196e-03 9.902678655914421979e-01
7.697927018087010742e-01 3.380952060544525906e-02 1.963977775858537222e-01
8.884082735538922915e-01 9.649506880191451030e-02 1.509665764419317914e-02
5.283183805787185910e-02 7.992262388698606612e-01 1.479419230722675005e-01
6.792577017531777894e-01 9.442729527775182985e-02 2.263150029690704501e-01
8.119436177357596332e-03 1.469375929615916038e-02 9.771868045264833214e-01
7.387712249995661562e-01 2.134682399888413185e-01 4.776053501159249065e-02
6.524016820378510939e-01 3.444223103345454562e-01 3.176007627603452069e-03
6.370001076903899183e-03 9.770048402409404753e-01 1.662515868215557954e-02
3.813229350460710654e-01 1.811517939123885312e-01 4.375252710415404866e-01
2.963823891950810863e-01 7.029959131461945843e-01 6.216976587243558177e-04
9.646534693958340734e-01 2.548743585798826563e-03 3.279778701836708055e-02
7.077648046153066641e-01 2.919151099158435736e-01 3.200854688497536808e-04
4.091392400276365748e-01 1.640531293350806297e-03 5.892202286790126919e-01
6.385311374724148559e-01 1.806817664990992556e-01 1.807870960284858886e-01
1.826063175851524306e-02 3.893521624956355898e-01 5.923872057458492435e-01
9.984847070147840897e-01 3.885541984120977803e-05 1.476437565374692741e-03
5.941370691422650507e-01 2.473224666519774073e-01 1.585404642057574032e-01
3.734986775980435048e-01 9.705341168976226729e-02 5.294479107121942141e-01
8.155091856938863071e-01 1.289136902573406185e-01 5.557712404877319934e-02
1.798211677410157527e-01 5.490400280333387895e-03 8.146884319786508177e-01
8.114751643771123124e-02 9.985524606894260503e-04 9.178539311015992963e-01
3.152594429740884774e-01 6.604508419516406104e-01 2.428971507427100593e-02
6.816804714002611121e-01 2.601073858392377938e-02 2.923087900158151675e-01
8.367371868457129658e-01 1.458734807428188618e-01 1.738933241146829387e-02
1.275757143671097382e-01 2.299300092318574753e-05 8.724012926319670846e-01
9.846653772479244671e-01 1.440412677962583411e-02 9.304959724496968728e-04
6.041143591162948523e-01 3.922855839343309856e-04 3.954933552997707547e-01
7.820400409116896531e-03 9.920658746501572756e-01 1.137249407258856014e-04
3.904860553055234870e-03 3.822474294571215347e-01 6.138477099898231870e-01
3.682586032992599123e-01 1.076692812051194964e-01 5.240721154956206052e-01
4.135920934585311515e-01 1.575882864909411256e-03 5.848320236765593982e-01
1.252671165345592592e-03 7.640844102476501698e-01 2.346629185870042211e-01
2.065202660248966968e-03 6.388631266336253223e-02 9.340484846763884574e-01
9.999477080061027756e-01 4.315188893002597724e-05 9.140104967257641031e-06
1.402641642533749254e-02 1.282237311900874901e-04 9.858453598434725462e-01
5.926191591311504026e-02 6.791317564538804641e-01 2.616063276330044540e-01
8.100675073783795144e-01 1.488271088374791724e-02 1.750497817378725562e-01
2.434277320348623985e-02 9.756432129079561921e-01 1.401388855763453915e-05
1.172178439431469654e-01 3.829671252344987731e-01 4.998150308223541227e-01
3.285606009790208171e-02 9.669290232289200482e-01 2.149166731779285485e-04
1.147311034627643278e-02 6.236864103872104389e-05 9.884645210126848935e-01
1.299352261217538163e-01 1.850226184070735171e-03 8.682145476941753870e-01
4.311797637477316619e-02 9.486508039525273217e-01 8.231219672699487816e-03
9.993020016209875900e-01 6.654422394116691220e-04 3.255613960078965278e-05
9.860594115198486609e-01 1.354664539695912655e-02 3.939430831921983075e-04
7.680013670800543701e-02 9.196561006848230635e-01 3.543762607171594900e-03
2.803487586162174972e-01 4.594680904141524302e-01 2.601831509696300726e-01
2.164305918608536439e-01 6.726202957088378565e-01 1.109491124303085413e-01
3.495725989396984978e-01 5.975605960461456423e-01 5.286680501415581823e-02
4.890843167368994493e-01 3.018377339290299020e-03 5.078973059238102161e-01
9.802799068634722099e-03 3.206041413907989024e-01 6.695930595405663599e-01
9.990609102380166862e-01 5.185005952451741951e-04 4.205891667381160114e-04
7.433623164529595817e-01 2.034062908766281486e-01 5.323139267041232525e-02
9.991942960217369274e-01 8.030203705998488701e-04 2.683607663187655464e-06
1.849554007411605833e-02 9.734504837284709833e-01 8.053976197413189111e-03
7.571679634770921152e-02 1.413490204474126752e-05 9.242690687502460589e-01
4.557544129057743837e-03 1.853255586710087291e-02 9.769099000038413694e-01
9.912176546562191382e-01 8.761517091855013095e-03 2.082825192584353651e-05
7.650086594669526681e-03 9.921850756051311393e-01 1.648378001992130513e-04
2.839083246750075465e-02 8.611418847879752001e-05 9.715230533440203375e-01
7.986543293183727688e-01 1.582266089805392240e-01 4.311906170108804892e-02
9.902790399511570696e-01 9.703329636983018536e-03 1.763041185993545444e-05
1.606858316497554104e-02 3.020043362703529570e-04 9.836294124987541299e-01
9.509116496855010148e-01 2.824342821629497249e-02 2.084492209820411682e-02
7.756363659567104551e-02 9.161692881661067656e-01 6.267075238222239233e-03
5.769705121088133937e-02 8.662434073716350769e-01 7.605954141748344499e-02
9.920881343655018059e-01 3.139027442851076953e-03 4.772838191647033913e-03
8.933050998236382600e-01 8.646671572766835567e-02 2.022818444869345714e-02
3.810568325736855555e-01 1.668944971745084382e-02 6.022537177088636007e-01
1.224323442015466251e-01 9.005857733608349514e-02 7.875090784623699491e-01
9.179152586493585231e-01 7.664134479213441375e-02 5.443396558506974695e-03
8.963834033438625726e-01 1.036016403286465215e-01 1.495632749085011598e-05
1.466002757415783148e-02 4.748900380834836232e-03 9.805910720450072837e-01
9.979001075566422685e-01 1.810062972538669691e-03 2.898294708190461504e-04
8.611956101172697498e-01 1.339804600530024314e-01 4.823929829727931565e-03
3.044984600199884730e-03 8.995310876584436182e-04 9.960554843121417479e-01
3.009544402358009171e-04 5.099107996163840538e-05 9.996480544798026502e-01
9.441268706953990231e-01 3.913447713944630951e-02 1.673865216515467783e-02
4.991290835250447588e-02 7.999063035905653596e-01 1.501807880569301923e-01
9.094307633013553049e-01 2.779623056121515931e-02 6.277300613742950453e-02
6.052991023427291006e-01 1.827680942051211344e-01 2.119328034521497095e-01
9.717931548102582973e-01 1.332944549230929109e-02 1.487739969743243421e-02
3.265508307376925861e-03 9.963525252831132439e-01 3.819664095097329492e-04
1.592313902181943450e-02 9.387827131014572224e-01 4.529414787672324944e-02
3.013099301995801338e-01 5.368220601356886017e-05 6.986363875944062718e-01
7.596438871623538702e-01 1.904734953700323863e-01 4.988261746761364634e-02
7.207546813939284466e-03 1.295796854505608083e-03 9.914966563315551484e-01
4.728277452109469784e-04 9.995270458526347435e-01 1.264021541463986851e-07
4.468004826461589030e-01 1.306156751715992778e-03 5.518933606021251270e-01
6.847012200763714640e-01 2.796408580238167740e-01 3.565792189981172727e-02
2.246155573606169464e-01 7.744557055421518177e-01 9.287370972311932661e-04
4.904000512698215020e-01 1.037233905439108273e-03 5.085627148247394702e-01
3.543908885155029262e-03 3.531475672266172307e-06 9.964525596391727857e-01
4.811529900929881090e-04 9.988974019921877945e-01 6.214450177192999691e-04
3.524525262076285293e-03 8.519567595870398188e-05 9.963902790619650895e-01
2.257671111717160228e-01 2.825745926515355055e-01 4.916582961767485549e-01
4.155886791201113817e-01 2.385069050363387497e-02 5.605606303762546982e-01
8.605438706514815239e-01 3.004701729715663835e-02 1.094091120513618204e-01
5.070049532294691463e-01 4.878010684058611823e-01 5.193978364669638373e-03
9.489411353540808669e-01 7.102220397177320781e-03 4.395664424874193288e-02
1.608841570625897319e-02 5.593481884282597294e-02 9.279767654509150088e-01
6.508523812006804521e-01 1.746675930783768427e-01 1.744800257209427607e-01
1.846632858932672483e-01 6.663470065525565339e-03 8.086732440412072176e-01
9.789304453507673420e-01 1.873471555716084511e-03 1.919608309351654787e-02
9.920739090818133654e-01 7.472704225592845771e-03 4.533866925936497617e-04
9.029416639769052289e-01 9.169600827410299970e-02 5.362327748991648282e-03
2.742831626420405566e-02 9.666320418915977930e-01 5.939641844198245875e-03
7.506949744508452094e-01 8.982513343780788037e-04 2.484067742147766933e-01
1.962545923896352740e-02 5.708281465664661464e-02 9.232917261043898094e-01
2.606825220571038979e-02 9.363064953429750537e-01 3.762525245131469881e-02
1.425181363119929498e-03 9.983615073160255760e-01 2.133113208543556080e-04
2.734983168087598386e-03 9.618342715666262493e-06 9.972553984891966428e-01
8.161593892386144120e-03 9.917730150895794905e-01 6.539101803432014240e-05
7.106029192780936032e-01 2.753012873472922006e-01 1.409579337461417531e-02
4.684200211667995384e-01 5.202362278217858016e-01 1.134375101141463400e-02
1.221106409794777824e-04 9.998776561062119317e-01 2.332528085731822680e-07
8.849469530394842298e-01 4.307393221406731476e-02 7.197911474644837215e-02
8.826561961958598879e-01 2.549601410623061892e-04 1.170888436630778684e-01
3.108391225741835018e-01 2.443023296997422211e-01 4.448585477260743049e-01
9.985597468779618957e-01 9.495361132325813623e-04 4.907170088054505072e-04
9.066509813284376884e-01 3.757548123489291804e-04 9.297326385921345082e-02
1.672812556664613631e-04 9.997862275126508935e-01 4.649123168272491116e-05
1.185878532907063722e-02 4.999693815804241557e-05 9.880912177327713097e-01
3.905645035152060206e-03 9.894949380661328675e-01 6.599416898715021983e-03
2.035382444810392849e-02 6.988254270875760010e-02 9.097636328431384367e-01
5.961701634209171097e-02 1.628916259657763174e-03 9.387540673982505135e-01
5.611070019805876052e-01 3.870911810774449631e-03 4.350220862086380813e-01
8.819728445810549877e-02 5.402001330080964323e-03 9.064007142118135629e-01
2.001636094491978379e-01 7.314757378085507966e-01 6.836065274225143484e-02
1.080446347955374420e-02 2.151466116858846700e-03 9.870440704035874369e-01
9.984955701279707441e-01 1.397094565725995113e-03 1.073353063032928711e-04
6.237573784736893945e-02 4.500276577320462372e-03 9.331239855753105106e-01
1.753004293063914129e-03 6.903216029747559609e-05 9.981779635466384581e-01
4.973869097703437214e-01 3.778490432235652174e-01 1.247640470060910750e-01
2.235070403362787728e-02 7.353751935708904353e-05 9.775757584470149419e-01
3.915517389890681849e-02 8.639294881224419687e-01 9.691533797865105326e-02
8.133529036751673269e-01 1.226043511933548186e-01 6.404274513147777126e-02
9.439453251874747597e-01 1.826003480778787269e-02 3.779464000473745783e-02
8.452578165221787954e-01 1.456940135198683990e-02 1.401727821258343942e-01
3.753460745124616787e-05 9.996954021947941360e-01 2.670631977547068708e-04
9.245039348782458921e-01 4.173114786256319764e-02 3.376491725919097270e-02
8.637110242819736605e-01 6.607356781345802288e-02 7.021540790456831660e-02
2.366585062955369259e-02 7.704152421696368602e-01 2.059189072008094090e-01
6.467921518098708189e-01 3.277959109901431578e-01 2.541193719998608228e-02
9.744761095755840596e-01 6.425517560120904900e-03 1.909837286429505454e-02
6.691557686006200933e-01 2.077093079329882241e-02 3.100733006060810149e-01
8.721596856370840145e-01 1.136219284344819336e-01 1.421838592843408834e-02
9.133033149148830354e-01 7.579519839269925618e-02 1.090148669241785759e-02
2.040250448089993979e-02 8.702614149697482371e-02 8.925713540221252851e-01
2.221300687386668082e-02 3.675433068363539446e-01 6.102436862897793191e-01
4.898592531612356790e-03 8.691064678621480272e-05 9.950144968216014796e-01
2.221570300284256561e-01 7.649224292711712669e-01 1.292054070040314466e-02
3.842564971121149586e-01 5.239417508908820187e-01 9.180175199700291166e-02
2.466068602385466657e-01 2.490931862446089384e-01 5.042999535168443126e-01
7.308088679841422408e-01 7.638194538062325657e-03 2.615529374777953997e-01
3.198373611315687842e-02 5.700428813280812058e-03 9.623158350735622202e-01
6.875460349414592720e-01 3.121260689706226721e-01 3.278960879180401367e-04
9.993923763828475026e-01 1.223800928824588354e-04 4.852435242700480584e-04
7.462668205870021110e-01 2.399839152974069800e-01 1.374926411559081706e-02
2.939170273394085126e-02 3.588904902805998328e-03 9.670193923632530719e-01
3.392684305557982540e-04 9.996521519721452975e-01 8.579597298851628236e-06
8.439308493545654155e-01 2.809115785158253133e-03 1.532600348602763118e-01
7.133054738630282589e-04 9.301358719483661108e-01 6.915082257777080410e-02
9.081011017843068078e-01 8.102593763145617828e-04 9.108863883937863559e-02
7.362103020404686671e-01 5.537234136706065124e-03 2.582524638228253511e-01
6.912327166515702670e-02 1.207020843504623929e-02 9.188065198997966698e-01
5.525391675767860056e-01 4.373647366248735180e-01 1.009609579834041745e-02
8.151926807147419352e-01 7.102010521972537682e-02 1.137872140655325909e-01
1.945605244588694271e-01 8.016751113703745046e-01 3.764364170756109417e-03
8.547869800493372583e-03 9.624264446935824890e-02 8.952094857301484687e-01
9.574098764119047811e-01 1.612236038431172488e-03 4.097788754966406183e-02
3.603838974794632000e-01 6.316405424062904173e-01 7.975560114246327270e-03
7.120457472243928443e-01 4.471093172460496173e-03 2.834831596031467393e-01
9.833284706149111321e-01 1.650611914863234914e-02 1.654102364564562255e-04
2.875541603949903768e-01 3.572186947808337343e-01 3.552271448241758889e-01
2.908318561149361714e-01 7.058694391157561698e-01 3.298704769307596318e-03
4.004959069809660432e-02 9.580233351899251071e-01 1.927074111978363622e-03
1.400684865446902294e-01 1.708651775207046608e-03 8.582228616801026444e-01
8.594211447215455157e-02 4.264434756763824455e-03 9.097934507710815355e-01
5.267208437235808560e-01 1.708145074503055610e-02 4.561977055313886642e-01
7.225035277770053277e-02 9.249333796733675284e-01 2.816267548932031677e-03
3.365439332331787159e-01 6.476604696279018025e-01 1.579559713891940526e-02
3.550164934555440355e-01 3.002756803284874904e-02 6.149559385116072363e-01
6.292599515048600267e-01 2.948511173455263812e-01 7.588893114961359210e-02
3.233749717147522962e-02 2.925330935089572905e-03 9.647371718934351081e-01
5.119801982598042311e-01 4.819447370816281606e-01 6.075064658567575285e-03
1.170703730191689218e-01 4.804586799607479634e-03 8.781250401812236150e-01
2.295240915279345845e-03 9.677254747460167783e-01 2.997928433870383769e-02
7.965141314041728204e-01 1.417239039703973580e-01 6.176196462542990484e-02
1.349906779962355662e-03 9.984221800265208335e-01 2.279131935166475828e-04
9.536098530427324915e-01 9.049550975680893889e-04 4.548519185969933376e-02
9.852978341824845110e-01 7.647533476233181124e-03 7.054632341282353857e-03
1.162359980670705784e-01 3.716247965282006016e-02 8.466015222801093199e-01
1.993076361244156339e-02 4.445029116596029089e-06 9.800647913584418225e-01
8.680079587936517793e-01 3.565855663694909080e-03 1.284261855426532817e-01
8.737233686703227420e-01 1.242419924549193200e-01 2.034638874757964053e-03
6.882620034463724510e-04 9.990263640660965727e-01 2.853739304570155873e-04
4.726263331669067758e-01 4.245678773838199027e-01 1.028057894492734325e-01
9.801121288438663370e-01 5.236669091010483034e-05 1.983550446522339139e-02
5.384865897464072848e-01 4.311313791098910658e-04 4.610822788744828871e-01
5.702870641428119461e-03 9.925439527288048014e-01 1.753176629767016484e-03
5.050103929387687873e-02 1.703574910283667532e-01 7.791414696777563265e-01
2.494976043416912148e-01 7.503964702617114124e-01 1.059253965973619118e-04
9.750710068397491215e-01 2.253103569992668045e-02 2.397957460324125645e-03
8.978862011149356670e-01 9.809136545052901668e-02 4.022433434535294637e-03
9.839253817318200594e-05 9.993322454947107802e-01 5.693619671160076107e-04
2.552651987491627583e-01 7.367602032055048378e-01 7.974598045332311966e-03
9.734843324251506447e-01 3.054427607593786231e-03 2.346123996725568012e-02
2.551014185441991544e-01 5.889242800027011393e-01 1.559743014530997340e-01
7.257640749551377835e-02 9.269833799450351020e-01 4.402125594512045935e-04
4.348901429619124182e-01 1.048105640607941286e-01 4.602992929772936059e-01
1.089761698820278235e-02 9.864395898901338056e-01 2.662793121663365251e-03
2.027189006228889145e-01 6.041376484462632548e-03 7.912397228926485448e-01
1.836962236528194570e-01 7.788244578534783136e-01 3.747931849370221558e-02
1.383313816656127002e-02 3.159485452874616351e-03 9.830073763805641240e-01
6.106684824719381677e-01 9.464090300130768851e-03 3.798674272279310982e-01
6.980496079940611276e-01 3.009605633627285282e-01 9.898286432102067732e-04
9.430523906757816155e-01 3.374721980821936834e-02 2.320038951599901270e-02
9.084387955516632918e-01 8.879595495729054877e-02 2.765249491046241001e-03
9.972675718523619226e-01 2.047605321163126126e-03 6.848228264750557889e-04
2.260481527486584092e-04 9.997214159955148949e-01 5.253585173647393680e-05
9.875890916616216764e-01 1.073110581296875168e-03 1.133779775708162497e-02
9.078039057019002822e-01 9.166843404904097270e-02 5.276602490586974935e-04
8.859222862005845106e-03 1.042492288187985179e-02 9.807158542561144055e-01
2.313811758037823737e-03 1.558611043533530028e-04 9.975303271376088077e-01
2.442705549292409628e-01 7.550004687775393574e-05 7.556539450238811684e-01
1.838604493267177037e-02 6.209394031769831582e-05 9.815518611270105387e-01
3.172410943717406950e-01 1.431542923664943512e-01 5.396046132617650093e-01
9.647235878415166832e-01 2.580174345802656311e-02 9.474668700456646137e-03
3.875742557277151584e-02 1.848173318221050902e-03 9.593944011090075330e-01
2.693604595818210323e-01 8.063806674267622824e-05 7.305589023514363900e-01
9.250341591119892737e-01 6.470357762915220079e-02 1.026226325885852900e-02
9.853738475448351464e-01 2.798764134975038984e-03 1.182738832018983589e-02
2.622990261226271769e-01 2.590338814934343148e-01 4.786670923839385083e-01
4.464413724013665541e-01 5.528288939031728022e-01 7.297336954606731957e-04
1.568609157041210289e-01 7.455924255006043389e-01 9.754665879527464611e-02
1.045018109749949603e-01 5.736001701559775290e-01 3.218980188690274691e-01
8.530968325550306597e-01 1.460643907142141484e-01 8.387767307549996504e-04
9.793000140777255794e-03 9.844767273112879913e-01 5.730272547934831852e-03
1.232200791798142570e-01 8.288640211687219317e-01 4.791589965146372809e-02
2.220565529525185609e-04 2.889537866278351081e-06 9.997750539091813105e-01
1.770859664423488911e-01 3.288024976532064915e-03 8.196260085811190033e-01
1.912086044173758603e-01 7.762102301567097573e-02 7.311703725669530529e-01
1.857623773611004120e-03 9.898224007035630878e-01 8.319975522825812445e-03
7.115026631449583583e-01 2.839578562101415793e-01 4.539480644900192527e-03
8.447653721336106925e-02 2.812575654276151457e-02 8.873977062438773711e-01
1.449667068222254204e-02 2.681927324666953864e-05 9.854765100445307402e-01
9.855596998806447351e-01 1.442072646844400931e-02 1.957365091124588330e-05
9.977496840845800907e-01 2.248069661767445205e-03 2.246253652543501655e-06
9.196454384981228927e-03 7.138878832984924504e-03 9.836646667820337919e-01
1.861068743951351488e-03 9.257535058630631062e-04 9.972131777501856975e-01
7.899325424156213860e-01 2.068222650596058532e-01 3.245192524772835038e-03
8.651943306194490590e-01 1.165111676310755934e-01 1.829450174947524349e-02
9.977619604144531973e-01 2.363452040125676101e-04 2.001694381534242610e-03
2.029198979283643612e-03 3.518981330700974870e-04 9.976189028876463194e-01
1.430715875651409896e-01 1.637042130122734820e-02 8.405579911336317211e-01
2.123674648728602395e-03 3.447208886787726523e-01 6.531554366724987570e-01
5.457356030083922172e-02 7.836205470902757320e-01 1.618058926088850602e-01
8.736459112517097386e-05 9.997021708992227529e-01 2.104645096520098540e-04
8.997386210458845025e-04 7.588076315003993744e-06 9.990926733026391782e-01
1.486441064195646311e-01 8.349447849636463248e-01 1.641110861678904062e-02
8.483155219904625621e-01 1.306075637825138969e-01 2.107691422702363121e-02
1.848168033404075927e-01 3.494325214823995347e-03 8.116888714447684228e-01
3.360237866779103213e-03 9.963380732140668661e-01 3.016889191540021936e-04
5.329005231030762291e-01 5.622666082816858528e-03 4.614768108141069081e-01
6.886963280234327522e-02 9.053808470886666182e-01 2.574952010899015861e-02
7.480843197722369768e-03 1.742988402751357127e-06 9.925174138138748159e-01
3.492317630632651299e-02 9.325405766523733320e-01 3.253624704130024525e-02
5.818757260868991782e-02 1.640968681656255479e-01 7.777155592256845829e-01
8.236267964781061046e-01 2.874700225361547304e-02 1.476262012682783564e-01
9.581776668794550478e-01 3.256477484889861579e-02 9.257558271646220208e-03
7.231524105787666690e-01 1.273271558365043736e-02 2.641148738375828642e-01
7.577347944000756286e-02 1.780782008949109013e-02 9.064187004705012152e-01
7.186004774398811745e-03 9.852869703495413800e-01 7.527024876059781357e-03
2.335529484018468160e-01 2.013691842379363162e-01 5.650778673602168123e-01
3.402906255265448782e-03 2.629620350773732504e-02 9.703008902369972821e-01
3.769419082264713686e-03 1.121337046263223662e-02 9.850172104551030428e-01
9.904162573614159193e-01 8.141373069914257035e-03 1.442369568669764910e-03
7.463259925380374624e-03 7.035396557879217019e-05 9.924663861090406991e-01
9.194082919687340816e-01 8.041560386657720105e-02 1.761041646888224276e-04
3.038981607733196033e-01 2.057566837669824386e-02 6.755261708499822326e-01
9.494646319210265917e-01 4.665605732050560894e-02 3.879310758467840580e-03
9.980792426006472873e-01 5.593961126874414996e-04 1.361361286665250516e-03
3.486674444493227942e-01 1.338705160985547982e-01 5.174620394521224354e-01
7.062588398094254982e-02 9.288936397246779775e-01 4.804762943793881879e-04
8.410575414565842067e-02 7.566498068456787296e-01 1.592444390086628081e-01
9.328461514854616832e-01 6.692749923623743380e-02 2.263492783008422076e-04
9.998611937710828457e-01 1.334919357219474219e-04 5.314293195216001950e-06
7.397706450900458342e-05 9.999249903879673385e-01 1.032547523580424648e-06
6.484361714788944298e-01 9.473301942128444647e-03 3.420905265789770944e-01
1.241936160474212006e-04 9.998499853226905376e-01 2.582106126200919060e-05
2.816309005742989439e-04 4.902555141382067006e-06 9.997134665442843904e-01
9.893690352019063328e-01 9.194796790832220111e-04 9.711485119010366401e-03
1.103616581463281038e-01 1.111254110446218413e-01 7.785129308090499300e-01
6.211678753368602424e-01 1.136132786479104595e-01 2.652188460152292704e-01
6.009684087773287282e-03 8.910127415560674738e-04 9.930993031706706331e-01
8.941660081365269963e-02 4.257037611981647081e-04 9.101576954251491269e-01
8.841124762361327397e-03 9.793454370947354271e-01 1.181343814290325943e-02
6.111064018907778062e-01 3.142807886999358091e-01 7.461280940928644023e-02
3.005370939358728327e-04 5.966431721525888386e-06 9.996934964743424690e-01
5.479408185668893649e-01 2.792353092357096386e-03 4.492668283407535434e-01
4.751731937624510156e-05 2.121512382621605283e-02 9.787373588544076020e-01
4.507063494568234953e-04 9.985625991295414838e-01 9.866945210016144462e-04
7.568403580148938027e-03 8.947918098517544383e-01 9.763978656809658985e-02
9.665743772288728497e-01 2.986686462929187720e-03 3.043893630819812304e-02
9.787246880592702647e-01 2.110453455018745234e-02 1.707773905423270967e-04
3.600871188369806908e-01 6.385278138199432796e-01 1.385067343076099239e-03
8.765063537169655028e-01 1.233460083651319594e-01 1.476379179024879008e-04
9.937217380412668444e-01 5.111070708121722393e-03 1.167191250611352565e-03
1.635272799666783643e-03 2.680161923943476764e-03 9.956845652763898213e-01
9.133912316765754325e-01 4.556149492986010657e-02 4.104727339356442628e-02
2.510666443007335547e-01 7.446692874060704126e-01 4.264068293195926070e-03
8.610753943941773514e-02 6.930191237497144163e-01 2.208733368108679040e-01
5.066862068148397617e-03 1.149323668249749942e-04 9.948182055650267586e-01
9.042966190533047177e-01 5.465644563574578903e-03 9.023773638312071466e-02
2.651253828888749248e-02 2.252561559020545001e-01 7.482313058090579450e-01
7.442359957454279876e-03 9.922506828948185476e-01 3.069571477271117481e-04
1.502612162879452262e-01 2.860312376856897765e-01 5.637075460263649695e-01
1.248570318751847930e-01 8.742186989509360684e-01 9.242691738789684305e-04
8.781885531096985664e-01 7.212082048906283405e-03 1.145993648413951294e-01
5.376391943507679433e-02 9.375805507807709605e-01 8.655529784152205322e-03
2.324859677266421787e-01 4.926132830493698935e-04 7.670214189903085122e-01
8.488638838199836778e-01 5.254728796930673539e-03 1.458813873830857033e-01
6.846953745109481959e-01 2.498305907763229139e-01 6.547403471272905673e-02
2.926419282618304418e-01 4.767177065052610740e-02 6.596863010876434785e-01
3.827112441297736227e-04 9.988490389968059935e-01 7.682497590641252858e-04
6.745779816455320377e-02 9.106476151939941598e-04 9.316315542202527888e-01
8.684579873896747931e-03 3.485289423059991041e-03 9.878301307030432632e-01
3.628456749135600123e-01 2.815162314365787267e-03 6.343391627720742498e-01
7.416855794910920049e-04 9.990534064942094838e-01 2.049079262993218548e-04
1.175692843648174224e-01 8.557570391418022338e-01 2.667367649338043753e-02
2.125603234886073480e-03 8.802461229889795291e-01 1.176282737761342595e-01
9.601422851164812325e-03 9.890640313351953816e-01 1.334545813639707607e-03
9.861645371183078712e-01 8.725893646782149297e-04 1.296287351701377530e-02
2.737960295076952710e-01 7.159927752688652891e-01 1.021119522343938608e-02
1.385132135964429242e-03 9.788888533447067664e-01 1.972601451932878489e-02
6.525589858486605666e-01 2.749936451742144086e-02 3.199416496339180238e-01
7.562721506693298457e-01 2.327385988759988755e-01 1.098925045467126493e-02
9.988855928643414206e-01 1.092802820626100416e-03 2.160431503256983663e-05
2.623594256862829543e-01 7.333075340653885110e-01 4.333040248328434881e-03
6.527788000421758108e-01 2.234816821360843808e-02 3.248730317442156679e-01
9.971351188944445054e-01 2.859129461510844916e-03 5.751644044610773664e-06
9.486089392010910171e-01 2.617441041203838470e-02 2.521665038687075089e-02
9.157891631969895530e-01 8.149531458559745867e-02 2.715522217412922462e-03
3.274813024911227277e-01 6.724884669338618837e-01 3.023057501531797403e-05
8.223347079016287697e-01 2.297779439253218314e-02 1.546874977058390055e-01
1.002566973573367215e-01 1.841141973860131176e-01 7.156291052566500221e-01
9.034931628880894516e-01 9.252652843669979810e-02 3.980308675210660931e-03
6.632043014137307436e-03 9.931654849520462625e-01 2.024720338164901986e-04
1.648027635456272288e-01 8.346823260649138820e-01 5.149103894589564462e-04
9.333210973993832926e-01 6.193780756134310839e-02 4.741095039273546079e-03
3.713260616749376464e-01 6.277988341519156190e-01 8.751041731468608108e-04
9.967233395020290432e-02 7.522674023261820395e-05 9.002524393095645561e-01
4.158375721887143384e-02 9.293902615815736665e-04 9.574868525195470159e-01
2.722910015266494788e-01 7.195896257680988763e-03 7.205131022156695542e-01
9.689109137257643223e-01 1.770022871956411850e-02 1.338885755467163208e-02
1.433040713728141735e-01 8.561798551054488060e-01 5.160735217370095293e-04
9.890978512925607813e-01 2.574438942095412172e-03 8.327709765343856846e-03
9.919693408846694815e-01 2.628950372125343467e-04 7.767764078117899221e-03
4.117706317381589600e-04 9.994064026593456607e-01 1.818267089162073976e-04
1.217320954108515457e-01 8.780694398230581843e-01 1.984647660901636668e-04
1.169761758203333082e-03 2.223102840266891352e-05 9.988080072133941334e-01
1.483718074803489981e-02 9.568548050936799276e-01 2.830801415828508930e-02
2.739700125421147270e-01 1.796906645399879180e-03 7.242330808124853858e-01
9.030568512527116232e-01 3.299676071781325326e-02 6.394638802947509582e-02
7.856401812780691163e-01 1.896357728606283544e-01 2.472404586130248424e-02
3.392802414421532409e-01 4.602518528190973623e-01 2.004679057387493690e-01
1.218599913712513222e-01 1.441278666379337305e-02 8.637272219649552163e-01
8.909564106217561230e-01 9.044426637040497118e-04 1.081391467145398355e-01
9.720200781670700341e-01 3.021778622538136955e-04 2.767774397067617256e-02
8.898583409597650151e-01 1.097218683047580384e-01 4.197907354770492893e-04
7.689206310327966198e-01 1.819561284294312076e-01 4.912324053777216565e-02
9.533763070327617717e-01 5.146828794856317911e-03 4.147686417238199974e-02
3.073053679879018674e-01 6.909479846593103991e-01 1.746647352787795331e-03
3.011807020036976756e-01 1.439747722951362392e-02 6.844218207667888132e-01
6.349855525648749888e-01 9.911009516888247273e-02 2.659043522662425385e-01
3.108736862629936648e-01 3.125789512240789020e-02 6.578684186145984381e-01
1.272888433352687421e-01 2.343751427221109698e-02 8.492736423925200118e-01
1.607569789206117136e-02 1.089005732002050059e-01 8.750237289077337222e-01
9.993609975657101741e-01 1.839117941569214391e-04 4.550906401329937669e-04
7.555705302574414750e-01 1.467861239173021137e-01 9.764334582525653616e-02
2.775507927334810443e-01 1.724813348804986584e-03 7.207243939177140346e-01
5.037511530229778212e-02 5.777872886585541613e-04 9.490470974090436940e-01
5.549448435049970652e-01 4.392235516616574409e-01 5.831604833345415025e-03
7.168991865462435997e-02 7.286606334231235937e-01 1.996494479222521434e-01
4.100173201998039314e-03 9.898732723543131051e-01 6.026554443688956174e-03
9.795940272830357953e-01 4.593976934204872689e-04 1.994657502354374445e-02
7.991115998241209552e-04 1.441594034276836613e-03 9.977592943658991631e-01
9.809955799117360264e-01 7.430979697235373541e-06 1.899698910856674819e-02
1.083978581949955750e-01 8.915972519830849263e-01 4.889821919499357012e-06
9.925312408172786149e-01 7.250728877259044608e-03 2.180303054622930988e-04
4.294452585360530872e-02 9.550656523296893186e-01 1.989821816705489819e-03
9.752577607085209654e-02 9.035695417546864977e-03 8.934385285116009934e-01
3.304444049823827834e-02 3.290289330594739492e-02 9.340526661958143961e-01
2.058983015065902755e-01 3.397977118069056942e-05 7.940677187222289213e-01
4.866687548028630350e-01 4.025475191055155055e-01 1.107837260916213484e-01
5.543888409086749069e-01 1.497314977444677087e-03 4.441138441138803850e-01
8.833253920394815717e-01 8.449724581984695282e-02 3.217736214067149630e-02
6.871441100577032864e-04 9.992756849761678106e-01 3.717091377463453645e-05
9.169146038443368478e-04 1.714460346534227644e-02 9.819384819308134560e-01
3.588597486067549025e-01 6.113545871738180759e-01 2.978566421942701811e-02
7.221941297480547473e-01 1.195743956848166825e-02 2.658484306834636435e-01
4.612150323832149221e-03 9.943439157303168852e-01 1.043933945850849827e-03
4.778961919014915183e-01 1.803236518956242724e-03 5.203005715795522290e-01
4.312942932167000004e-03 2.892093409622245592e-01 7.064777161056083887e-01
1.424182300197867623e-01 7.823355046724619344e-01 7.524626530775117839e-02
1.403882020074190273e-01 7.821059336108637794e-01 7.750586438171724879e-02
9.911637714620279427e-01 3.258982207660652674e-03 5.577246330311442374e-03
9.869309628172040494e-01 1.062988512097683830e-02 2.439152061819034687e-03
9.084165463972766405e-03 3.437521620857313387e-01 6.471636724502959348e-01
8.129339906619528766e-02 8.661428641173066767e-01 5.256373681649798707e-02
9.596817657815029769e-04 1.633709104769753170e-06 9.990386845251136849e-01
3.466954643731683383e-01 1.857567913314333088e-03 6.514469677135172887e-01
1.637591218314242703e-01 1.990195381086752938e-02 8.163389243577082732e-01
9.866991291141057330e-01 4.521669052797285503e-03 8.779201833097008412e-03
8.381684586935439843e-03 2.701822868990441662e-01 7.214360285140203333e-01
6.143195548010321749e-02 6.512603023407036347e-03 9.320554414964898893e-01
9.174307155830225824e-01 7.828359085789352023e-02 4.285693559084096001e-03
1.707407189367164332e-02 9.685608783148559331e-01 1.436504979147248777e-02
8.079896939260168276e-01 1.663881549233935109e-01 2.562215115058966153e-02
8.559615518722074601e-01 7.807346960738935360e-02 6.596497852040314469e-02
9.655598405983113475e-01 3.375351127077200891e-02 6.866481309165781317e-04
3.784993536562222260e-01 3.993751414813431766e-01 2.221255048624346529e-01
3.565706732008986912e-01 4.389285321089590394e-03 6.390400414780116334e-01
1.721223911951278893e-04 9.998152891648539597e-01 1.258844395096254877e-05
2.153351106454817754e-02 9.371298362503032494e-04 9.775293590992014670e-01
7.190326195397508391e-01 1.419214037592672617e-02 2.667752400843223515e-01
1.862371431832828342e-02 8.034236419065443613e-02 9.010339214910172423e-01
2.082974923477765635e-03 4.768243400663021991e-04 9.974402007364558953e-01
9.943818163948999755e-01 5.799715646980754986e-04 5.038212040401956332e-03
5.511806873827264364e-02 4.223010924732309435e-02 9.026518220144043037e-01
9.842556638914450040e-02 8.585542898720728289e-01 4.302014373878281644e-02
1.594411885435809417e-01 6.104009663155778309e-01 2.301578451408412829e-01
8.742441837443468700e-01 7.939352681001630996e-02 4.636228944563681315e-02
2.094795068694002842e-04 9.994717071811232145e-01 3.188133120073991227e-04
1.446466442942117292e-01 8.494257791219950171e-01 5.927576583793223337e-03
9.960489058078648705e-01 3.711552925934478086e-04 3.579938899541612596e-03
9.980940357500476257e-01 2.961791754235066243e-05 1.876346332409972034e-03
2.557673241690271312e-04 9.996639506143640830e-01 8.028206146700500351e-05
